"obs_id","vtime","Y","delta","Y1","Y2"
"1",1,0,2.52561620836111,1,1.08661442314839,-0.0975087044289644
"2",1,1.67498080665246,2.52561620836111,1,0.996926153621309,0.414743333613722
"3",1,1.20648145815358,2.52561620836111,1,0.922893017127919,0.665984266173366
"4",1,1.64010562514886,2.52561620836111,1,1.11784362852734,0.963452024433412
"5",1,0.503142555244267,2.52561620836111,1,1.05743816878434,0.462457565777816
"6",1,1.01098806131631,2.52561620836111,1,0.431507048010495,-0.31866091542938
"11",2,0,0.965217013917631,1,1.86849252338413,1.70089525721107
"51",2,0.0559291196987033,0.965217013917631,1,1.55613043774274,2.03585296351735
"8",2,0.193778819870204,0.965217013917631,1,1.4507486697967,1.47132999518921
"12",3,0,2.39734754934991,1,1.87395130114005,0.0582949546381617
"21",3,0.974993244744837,2.39734754934991,1,1.31275623515537,-0.19576111764764
"31",3,1.05868895957246,2.39734754934991,1,0.96608891976368,-0.730903181261611
"41",3,0.891342934221029,2.39734754934991,1,2.18344198011404,-0.244610545780696
"52",3,1.93693196540698,2.39734754934991,1,0.992882492407972,-0.823608755187593
"61",3,1.3361711204052,2.39734754934991,1,1.52295601045281,-0.847709896545076
"7",3,0.641681496985257,2.39734754934991,1,1.01942378559709,0.312119242106574
"81",3,1.62317164195701,2.39734754934991,1,0.905021383342231,-0.342618654109666
"13",4,0,0.686411895178142,1,0.871989713199421,0.955164834251307
"32",4,0.298756372649223,0.686411895178142,1,1.10750965583813,0.267539836976055
"42",4,0.286427569575608,0.686411895178142,1,0.0624463220461847,1.38729355627649
"82",4,0.173877841327339,0.686411895178142,1,1.29201381337975,0.328145194303256
"14",5,0,1.33219052747418,1,1.80502772073252,1.99662456521642
"22",5,0.728205677587539,1.33219052747418,1,1.61825408982574,1.97100482156726
"33",5,0.90301080327481,1.33219052747418,1,1.46572621960097,2.05404543602302
"53",5,0.591222310904413,1.33219052747418,1,1.2976736533056,1.84180842482135
"62",5,0.972715919837356,1.33219052747418,1,1.47770027129765,2.50210034658634
"71",5,0.674738458823413,1.33219052747418,1,1.61064228027028,2.20524370743315
"15",6,0,2.28506047567984,1,0.705724263065342,0.150529041489052
"23",6,1.68554142629728,2.28506047567984,1,1.22054188380754,-0.00267960933424627
"34",6,0.320055106654763,2.28506047567984,1,0.561139719829214,0.301939082949369
"43",6,1.9559839409776,2.28506047567984,1,1.49204282790534,0.00935993438318777
"54",6,0.047342493198812,2.28506047567984,1,0.786318050910581,0.393731659075292
"63",6,1.05591402109712,2.28506047567984,1,1.14132773154328,0.43608521720736
"16",7,0,5.34541118126363,0,-0.303146775550436,-0.289313897194194
"24",7,0.344893712550402,5.34541118126363,0,-0.288841205323357,0.0874820618628222
"35",7,1.59419041266665,5.34541118126363,0,-0.889290308817713,-0.613802835319294
"44",7,1.40860013850033,5.34541118126363,0,-0.784255882656882,0.108086738208592
"55",7,0.716057679615915,5.34541118126363,0,-0.786983096962427,0.116192875621567
"64",7,1.19863620726392,5.34541118126363,0,-0.381282221010143,0.0353166406284728
"72",7,1.70822358550504,5.34541118126363,0,-0.809485177377178,-0.34655512992271
"83",7,0.742998083587736,5.34541118126363,0,-0.150906017822884,0.275868458412858
"17",8,0,1.61768078433527,1,0.569517721682376,1.13385585708958
"45",8,1.08769376855344,1.61768078433527,1,0.279063780002076,0.743658061114229
"56",8,1.5604095957242,1.61768078433527,1,0.176960221838071,-0.0586422258293704
"18",9,0,2.09158179666921,1,0.673679333626058,0.85776658870541
"25",9,0.880790607072413,2.09158179666921,1,1.44430886798212,0.349907025506146
"36",9,0.889819901902229,2.09158179666921,1,1.71544365874971,0.502211705186652
"46",9,1.65985271334648,2.09158179666921,1,2.05601316376202,-0.619473792885506
"57",9,0.0346855423413217,2.09158179666921,1,2.02211186480992,0.633705644097179
"65",9,0.356082103680819,2.09158179666921,1,1.22818452531318,0.751051987155324
"73",9,0.646463436074555,2.09158179666921,1,1.669593238577,-0.426639959187853
"84",9,1.97340604010969,2.09158179666921,1,1.25555193170677,-0.157539630155377
"19",10,0,0.509476657108893,1,0.392337353475029,2.53247768732976
"58",10,0.230146439280361,0.509476657108893,1,0.650242469531773,1.56771099630201
"110",11,0,2.37508358540945,0,-1.74723938618714,-0.351749183250549
"26",11,0.0696847862564027,2.37508358540945,0,-2.05477290356444,-0.745362129263768
"37",11,1.39478695485741,2.37508358540945,0,-2.65162211019659,-0.601317214030486
"47",11,1.57084432709962,2.37508358540945,0,-2.96570775874448,-0.283455316617075
"59",11,1.45912543870509,2.37508358540945,0,-2.11209503496444,-0.621843880020047
"66",11,0.723368231207132,2.37508358540945,0,-2.54896873616001,-0.438496413510318
"74",11,0.169652887620032,2.37508358540945,0,-2.26879395647543,-0.0239773529633733
"85",11,0.407831683754921,2.37508358540945,0,-1.95204126131452,-0.275100156547083
"111",12,0,0.818834814688261,1,0.47757716490285,1.27825517230858
"38",12,0.6920340587385,0.818834814688261,1,0.809049270681112,1.441380124111
"510",12,0.207029104232788,0.818834814688261,1,-0.0469102886125921,1.22520596282996
"67",12,0.516355102881789,0.818834814688261,1,0.636412413866339,1.98726932784076
"112",13,0,0.961822534856526,1,-0.494516950086507,0.401828223263715
"27",13,0.933406077791005,0.961822534856526,1,0.0428330128213521,0.636573664611682
"39",13,0.896438703406602,0.961822534856526,1,-0.0690041681919742,1.27999175459872
"113",14,0,1.37061277982648,1,0.960183096765664,1.13747044105681
"310",14,0.283080538734794,1.37061277982648,1,0.94914707600638,0.952013852673674
"48",14,0.709301836788654,1.37061277982648,1,1.02193526421517,0.730995218500141
"68",14,0.531204425729811,1.37061277982648,1,0.700101659523319,0.586491460376413
"75",14,0.253209265414625,1.37061277982648,1,1.06916853199424,1.06892503683173
"114",15,0,0.602559423577227,1,2.38046068677603,2.10469115370632
"49",15,0.251479021273553,0.602559423577227,1,1.97577983347923,1.55825192239083
"115",16,0,2.00088871851647,1,0.0607538427631863,1.5996303604677
"28",16,0.518712631426752,2.00088871851647,1,-1.0151068958616,1.06568116354895
"311",16,1.27539472235367,2.00088871851647,1,-0.398934737597108,1.09637131173539
"410",16,0.826112107839435,2.00088871851647,1,-0.148482115756581,0.706073942458677
"511",16,0.16706809727475,2.00088871851647,1,-0.807060909468819,1.83987672291831
"69",16,1.88824894372374,2.00088871851647,1,-0.567042358287749,0.777880956132564
"76",16,0.101815333589911,2.00088871851647,1,-0.213337814133355,1.5324052137649
"86",16,1.51787847699597,2.00088871851647,1,-0.171803881079126,0.77179210174419
"9",16,0.320630406495184,2.00088871851647,1,-0.62421372388278,1.64611448951909
"116",17,0,5.68684699615403,1,-1.12361898542112,-0.229289880730305
"29",17,0.689762157388031,5.68684699615403,1,-1.2717843517206,0.162459825677954
"312",17,1.94992660125718,5.68684699615403,1,-0.526263550270971,-0.926905586376994
"411",17,0.754303053487092,5.68684699615403,1,-1.33665272118342,-0.27325946647606
"512",17,1.76472280453891,5.68684699615403,1,-1.41342696314761,-0.459965451149342
"610",17,1.30984944151714,5.68684699615403,1,-1.05749046456185,-0.313432591373988
"117",18,0,4.112939802045,0,0.00238527569537986,-0.262324078506899
"210",18,1.35412697773427,4.112939802045,0,-0.614082226970864,-0.514468721211058
"313",18,1.36199526302516,4.112939802045,0,-0.65055781315687,0.349515779091176
"412",18,1.10930499294773,4.112939802045,0,-0.137403560557739,0.424877953572772
"513",18,1.73258448997512,4.112939802045,0,-0.336855768472858,-0.00822857333420496
"611",18,0.521924772765487,4.112939802045,0,-0.145766780059352,0.0710617071753408
"77",18,0.928206689655781,4.112939802045,0,-0.648095388615258,0.0525280580420079
"118",19,0,1.37072315907571,0,0.654706378589152,0.0200438586164291
"211",19,1.03915201732889,1.37072315907571,0,1.62985856568139,-0.194490705556078
"413",19,0.508089110255241,1.37072315907571,0,0.922151693996663,-1.0431251893477
"514",19,1.07534122746438,1.37072315907571,0,1.01847738922688,-0.847614069127411
"119",20,0,1.35475659881192,1,3.01977885856922,-0.184877987814635
"212",20,1.02593461005017,1.35475659881192,1,3.04637934382951,0.170908499850342
"314",20,1.06201143004,1.35475659881192,1,3.57412195539397,-0.0511463791097329
"414",20,0.12819434190169,1.35475659881192,1,2.7947953272196,0.135824546181227
"515",20,0.158905851654708,1.35475659881192,1,2.90735335704356,-0.363452461870099
"120",21,0,1.71384961865882,1,0.762167246002306,2.00158404831189
"213",21,0.362833731342107,1.71384961865882,1,-0.12140927529424,2.10039531150026
"415",21,0.731046316213906,1.71384961865882,1,0.102529440075173,1.87692024624167
"516",21,1.29051811108366,1.71384961865882,1,0.555086168679399,1.65246598375646
"612",21,0.989894536789507,1.71384961865882,1,-0.170906600721004,2.38699393645835
"121",22,0,0.873411398891732,1,0.635222975536753,1.93532068291015
"214",22,0.339246792718768,0.873411398891732,1,1.05702676747583,1.3177414943501
"517",22,0.704091308172792,0.873411398891732,1,0.895762841357853,2.17901605839675
"78",22,0.75385147286579,0.873411398891732,1,0.704317768153018,1.12044085545495
"91",22,0.0648694639094174,0.873411398891732,1,1.38048437954685,2.32058314489012
"122",23,0,0.814036694400874,1,-0.00401069320902481,0.82263153372273
"92",23,0.0465416680090129,0.814036694400874,1,-0.497862505008871,1.14227623293153
"123",24,0,1.98844702238389,1,-0.0462644678432118,0.374496681165824
"215",24,1.50010613445193,1.98844702238389,1,0.116385094160882,1.05030042989829
"315",24,1.43394446047023,1.98844702238389,1,0.71910976038303,0.65906335554205
"416",24,1.34500377159566,1.98844702238389,1,-0.329703801260888,1.0829981176519
"518",24,0.822937017772347,1.98844702238389,1,0.571048711372737,0.73638505130872
"613",24,1.73684581089765,1.98844702238389,1,0.591249431020069,0.887367539760349
"79",24,1.01001404831186,1.98844702238389,1,0.603084043394595,0.502664886761384
"87",24,1.81242293631658,1.98844702238389,1,0.553355076480421,1.14783357741808
"124",25,0,1.87449842092174,1,1.16033283155016,0.549386229702308
"216",25,0.562914100009948,1.87449842092174,1,1.22846673806811,0.0701803727433165
"417",25,1.74833551980555,1.87449842092174,1,0.865293738210883,0.900294850947337
"519",25,0.547399608884007,1.87449842092174,1,1.45436794016622,0.547393387032156
"614",25,1.70539687853307,1.87449842092174,1,0.631038712258439,0.893930870387528
"710",25,1.21052514202893,1.87449842092174,1,0.172047509695148,0.488879198287565
"88",25,0.269716937094927,1.87449842092174,1,1.22363912040752,0.916047218377182
"125",26,0,0.786216576348711,1,1.70480377183236,1.05383970489135
"217",26,0.304377570748329,0.786216576348711,1,1.96704906154905,1.20842636529752
"316",26,0.147190790623426,0.786216576348711,1,3.07314711932822,1.68965249314479
"520",26,0.103425559587777,0.786216576348711,1,1.61298073941021,1.71502412705193
"126",27,0,1.13376393341643,1,1.29442801903017,1.10619568627527
"317",27,0.162645507603884,1.13376393341643,1,1.52365723781915,1.37129038469854
"711",27,0.391212321817875,1.13376393341643,1,1.09827715358426,1.3502621513885
"127",28,0,2.34197429486166,1,-0.768565662042683,0.123909879551751
"218",28,0.117153606377542,2.34197429486166,1,-0.809455984666115,0.25345091909213
"318",28,1.84124746592715,2.34197429486166,1,-0.783636485452842,0.772749479820966
"418",28,1.83936918200925,2.34197429486166,1,-0.5875894826697,0.753333241008157
"521",28,0.615827087778598,2.34197429486166,1,-0.29198588241655,0.359011503081839
"615",28,1.97011726954952,2.34197429486166,1,-0.427535382815259,0.216397722070254
"128",29,0,2.89472722710613,1,0.618442528458042,0.630007939424764
"219",29,0.0548880649730563,2.89472722710613,1,-0.356370433415133,-0.265780583976614
"319",29,1.39948231913149,2.89472722710613,1,1.09709071660213,-0.162987455970255
"419",29,0.184035155922174,2.89472722710613,1,0.524877323990855,-0.0116818346331812
"522",29,1.41855288855731,2.89472722710613,1,1.60329167197721,0.0141075479454176
"129",30,0,1.47851484272738,1,1.30698550460657,0.383500425508438
"420",30,0.316457309760153,1.47851484272738,1,1.34419621281164,-0.266824176933984
"523",30,0.702226735185832,1.47851484272738,1,2.3511073871459,-0.0502302043634786
"89",30,0.1333531383425,1.47851484272738,1,1.46834912862294,-0.613235229746463
"93",30,0.13984713377431,1.47851484272738,1,1.53585067769118,-0.121859591638865
"130",31,0,2.07202034367782,1,-0.479598548229526,0.0150306020109959
"220",31,0.651252754498273,2.07202034367782,1,-0.108837847364324,0.722066216667934
"320",31,0.97857869323343,2.07202034367782,1,-0.0878059830800349,0.262601071643054
"421",31,0.0760310511104763,2.07202034367782,1,-0.382991553944999,0.538425015096467
"524",31,0.195628701709211,2.07202034367782,1,-0.303903771290146,0.783343939540754
"616",31,0.294446706306189,2.07202034367782,1,0.112511646343589,0.505226068484328
"712",31,0.830918045248836,2.07202034367782,1,-0.461847604900873,0.544407029611626
"131",32,0,2.57441069523746,1,1.59174279677632,0.434493684080468
"221",32,0.295623688958585,2.57441069523746,1,0.818538900653789,0.150076546369817
"321",32,1.75094096688554,2.57441069523746,1,-0.161199688959419,0.580723443870377
"422",32,1.31264101248235,2.57441069523746,1,0.142409201557922,0.580096290693811
"525",32,0.402901537250727,2.57441069523746,1,1.37362831663706,0.389943918556514
"617",32,1.55941640166566,2.57441069523746,1,0.340161515788586,0.770249915694366
"713",32,1.9448417252861,2.57441069523746,1,-0.66478795216413,1.40745281411638
"810",32,0.587971433997154,2.57441069523746,1,0.841455256936538,0.135586466704207
"132",33,0,1.02425107765011,0,1.1879220279672,0.439355227794948
"222",33,0.853968262206763,1.02425107765011,0,2.04183554335492,0.302728259724918
"322",33,0.588864118792117,1.02425107765011,0,2.16605441447154,-0.0253374561701472
"423",33,0.78491702536121,1.02425107765011,0,1.67050832735798,-0.0339342290588341
"526",33,0.830384305212647,1.02425107765011,0,1.96050501921433,0.812796066571036
"618",33,0.925029411911964,1.02425107765011,0,2.03679587915322,0.528754955439155
"133",34,0,2.79165917311329,0,-0.217574963542287,0.147324924999779
"223",34,0.309419470373541,2.79165917311329,0,0.246939054543905,-0.263813477887677
"323",34,0.280381354968995,2.79165917311329,0,-0.0926409519251746,-0.117600699197579
"424",34,1.99413144867867,2.79165917311329,0,-0.167774308880646,-0.858410549984388
"527",34,1.165999956429,2.79165917311329,0,0.181546704640156,-0.147557602062964
"619",34,0.821032307576388,2.79165917311329,0,0.0910342467240007,-0.145102832577532
"714",34,0.0839381194673479,2.79165917311329,0,0.884227296341764,-0.8560487576252
"134",35,0,4.38010905494625,1,-0.0639321850326491,-0.739382785105932
"224",35,1.01197217637673,4.38010905494625,1,-0.212628538541456,-0.781559383699042
"324",35,0.400292735081166,4.38010905494625,1,-0.122807026992892,-0.601424318258736
"425",35,0.566093867644668,4.38010905494625,1,-0.233267327709787,-1.1472757003824
"528",35,0.348651712294668,4.38010905494625,1,-0.532688831566912,-0.775358217263272
"620",35,0.718386656604707,4.38010905494625,1,0.0638585533355688,-0.686072292316769
"135",36,0,1.41380940198433,0,-1.22207616762373,0.216215307359851
"225",36,0.384687439072877,1.41380940198433,0,-1.26118289670915,-0.260581226303754
"426",36,0.0966927316039801,1.41380940198433,0,-1.25237860827135,-0.360309204407997
"529",36,0.919040640816092,1.41380940198433,0,-0.970786710088706,-0.351560805813967
"621",36,1.02842010231689,1.41380940198433,0,-1.39643446665027,-1.04083718366428
"715",36,1.08771170303226,1.41380940198433,0,-1.37973905703254,-0.281307625985156
"811",36,0.098954398650676,1.41380940198433,0,-0.988222268751492,-0.32310054842277
"136",37,0,2.32417189187836,0,-0.499647214462933,-0.0463632105113633
"226",37,1.05830134265125,2.32417189187836,0,-1.05220883435156,-1.90519849151981
"325",37,1.10812296159565,2.32417189187836,0,-0.726064783663294,-1.79604170617773
"427",37,0.335342747624964,2.32417189187836,0,-0.798842398519784,-1.35554345051403
"530",37,1.72092788061127,2.32417189187836,0,-1.14626384175697,-2.450928276585
"137",38,0,1.58560385162858,1,-0.349728820327267,1.18530828346499
"227",38,0.188088704366237,1.58560385162858,1,-0.094311021562396,1.9077714491876
"326",38,0.033922222442925,1.58560385162858,1,-0.60698670268086,1.78309877445187
"428",38,0.537965702824295,1.58560385162858,1,-0.666759614778688,1.5506014662769
"531",38,0.30959813343361,1.58560385162858,1,-0.629556518761574,1.5815004536039
"716",38,0.225139715243131,1.58560385162858,1,-0.19918481662513,1.51034607900871
"138",39,0,1.3149384783071,1,0.831632530291275,1.20279364855321
"228",39,0.0120331360958517,1.3149384783071,1,0.221153612383126,1.31189853415927
"327",39,1.03954448737204,1.3149384783071,1,0.836873606058611,1.27617977653872
"429",39,1.25052164448425,1.3149384783071,1,0.743666712916253,1.5705066901478
"532",39,1.14360185246915,1.3149384783071,1,1.05464138196878,1.06025170747548
"622",39,0.349528196733445,1.3149384783071,1,0.691570208514435,1.30907911349028
"717",39,0.265212238300592,1.3149384783071,1,0.464950797490055,0.554102399487894
"812",39,0.0838568392209709,1.3149384783071,1,0.64291619685092,0.686884197563093
"139",40,0,4.87813421091316,1,0.421553464977549,-0.24903375532311
"229",40,0.734252154361457,4.87813421091316,1,0.24790635369582,-0.208911737545797
"328",40,0.353493540082127,4.87813421091316,1,0.80061509123762,-0.472462019787545
"430",40,0.0645186211913824,4.87813421091316,1,0.112505512402955,-1.01172239178877
"533",40,1.5975604983978,4.87813421091316,1,-0.0517884124836572,-0.414744996774668
"623",40,0.686713092960417,4.87813421091316,1,-0.0433100675668584,-0.683455525033868
"718",40,0.626890627667308,4.87813421091316,1,0.513128998731344,-0.175025444366134
"813",40,0.543163651134819,4.87813421091316,1,0.196745260168418,-1.33549231256561
"140",41,0,1.45096787398215,0,-1.04441604211407,-0.738637569403862
"329",41,0.371724801138043,1.45096787398215,0,-0.545623599897648,-0.993756237265408
"431",41,0.899235394317657,1.45096787398215,0,-0.823484628016989,-1.95144484799202
"534",41,0.15221045864746,1.45096787398215,0,-1.4087927547148,-0.826021490188202
"624",41,0.976841093041003,1.45096787398215,0,-1.20983618591274,-1.86876188856277
"141",42,0,2.27697163254754,1,0.0174499604003405,0.679732431369286
"230",42,1.12149706110358,2.27697163254754,1,0.899582033171762,0.308237094261839
"330",42,1.31400249013677,2.27697163254754,1,0.330825715229261,0.150649000713536
"432",42,0.0770318093709648,2.27697163254754,1,-0.147985594532442,0.861577327229929
"535",42,0.738988539204001,2.27697163254754,1,0.0935942866876092,0.623775845672012
"625",42,1.38578643416986,2.27697163254754,1,0.615775033706508,0.548747140827595
"719",42,1.41377640329301,2.27697163254754,1,-0.173619755413573,0.493787723961253
"814",42,1.08996709156781,2.27697163254754,1,0.692982884481332,0.372880799378246
"94",42,0.529797068797052,2.27697163254754,1,0.208668551664539,0.624365263529006
"142",43,0,2.37510906379665,1,0.0814809949440699,0.323738946743061
"231",43,1.35385898360983,2.37510906379665,1,0.568400831408199,0.17635943191439
"331",43,0.524049352388829,2.37510906379665,1,0.581190233460153,-0.00634609923855847
"433",43,1.64335573092103,2.37510906379665,1,0.698370749745075,-0.251886406251803
"536",43,0.0753759914077818,2.37510906379665,1,0.198066369102086,0.47457882628256
"626",43,0.100224265363067,2.37510906379665,1,1.23803746420202,0.119338543704346
"720",43,1.68047915631905,2.37510906379665,1,0.776249343046033,0.703830323308085
"815",43,1.05599665362388,2.37510906379665,1,1.35380182253553,0.0114527469473187
"95",43,0.365243526641279,2.37510906379665,1,0.355504568906927,0.298471233857861
"143",44,0,1.47275109516985,1,-0.0110151532803045,0.140629030210313
"332",44,0.3481699032709,1.47275109516985,1,0.0124842642724335,0.0568389945721453
"434",44,0.571493747644126,1.47275109516985,1,0.696487788445367,0.847198517586286
"721",44,0.71662318194285,1.47275109516985,1,0.121959212040916,0.79630099251644
"816",44,0.896137825213373,1.47275109516985,1,0.280998007376679,0.282520332309309
"144",45,0,1.32347658666538,1,0.27185787532311,2.40117610118531
"333",45,0.711554557550699,1.32347658666538,1,0.0625976601531801,2.09073271484692
"435",45,0.741538784001023,1.32347658666538,1,-0.531866047136393,2.46465895263262
"627",45,0.416924705263227,1.32347658666538,1,0.188449874579628,2.24075952305977
"817",45,1.11084927339107,1.32347658666538,1,-0.316409572695654,2.35617174435437
"96",45,0.359174253884703,1.32347658666538,1,0.158711087323063,2.23659110483673
"145",46,0,3.68549998689194,1,-2.0806098223325,-0.0548722418636292
"232",46,1.19315699255094,3.68549998689194,1,-2.08461584298996,0.605970384856549
"334",46,1.27983553195372,3.68549998689194,1,-1.43328437796538,0.964253130277693
"436",46,1.72879396146163,3.68549998689194,1,-2.25399831062084,0.595201475137328
"537",46,0.570358304306865,3.68549998689194,1,-2.06528405066814,0.72001844770211
"628",46,0.00812363624572754,3.68549998689194,1,-2.23588962469435,-0.0358066584271093
"722",46,1.60842958232388,3.68549998689194,1,-1.66160102230144,0.907183942900596
"818",46,0.890426573809236,3.68549998689194,1,-1.74876614572914,0.625912924328074
"146",47,0,0.369758453102876,1,1.29261556902227,0.729532057106677
"538",47,0.0610577794723213,0.369758453102876,1,1.08317278737359,0.611229815253573
"629",47,0.287694171536714,0.369758453102876,1,0.446619040358788,0.898157520518277
"147",48,0,1.75984977781917,1,1.47102038201307,-0.170037058285565
"233",48,0.040260479785502,1.75984977781917,1,1.27491290218048,0.00196521836487021
"437",48,0.407826198264956,1.75984977781917,1,0.858218825955317,0.846168541302567
"539",48,0.55874849203974,1.75984977781917,1,1.06056992349574,-0.125250106483189
"630",48,1.05725805088878,1.75984977781917,1,0.777031930161971,0.411126956014084
"723",48,1.23266396438703,1.75984977781917,1,0.243780928375621,0.924674466125948
"148",49,0,0.656795560707198,1,0.0521530996507035,1.39586305089827
"438",49,0.209622153546661,0.656795560707198,1,-0.0563444681149462,0.545340596793336
"540",49,0.613589889369905,0.656795560707198,1,0.0865977672753295,0.722654449860769
"149",50,0,1.16799511231938,1,0.209709530266807,2.20561006917976
"234",50,0.154183720238507,1.16799511231938,1,0.384073676975964,1.7534786497913
"439",50,0.0852347346954048,1.16799511231938,1,-0.365342372397719,2.42123972200007
"541",50,0.687042849138379,1.16799511231938,1,0.38260360520756,2.22351967577121
"631",50,0.260606330353767,1.16799511231938,1,0.779333000492481,2.35917381640099
"819",50,1.15965987974778,1.16799511231938,1,0.399492099569333,1.96633171898397
"150",51,0,1.2582461974842,1,0.341804955436451,1.57119115046256
"235",51,1.24045227421448,1.2582461974842,1,-1.14982589435016,0.448901819857236
"335",51,0.467993499711156,1.2582461974842,1,-0.136859991009813,0.986944719510926
"724",51,0.0546845737844706,1.2582461974842,1,0.0313811888341276,1.39345969844466
"151",52,0,1.88391331968594,1,2.11694058710943,0.39476176320414
"236",52,0.964909905567765,1.88391331968594,1,1.44967073957985,0.104687035541003
"336",52,1.76605897303671,1.88391331968594,1,1.85476531247471,0.699362632207325
"440",52,0.581731486599892,1.88391331968594,1,1.70713343210396,0.649650299613375
"542",52,1.20439274143428,1.88391331968594,1,1.40715214714825,0.806624060439185
"632",52,0.248372252564877,1.88391331968594,1,1.59285525260652,0.430808915089273
"820",52,1.42377852508798,1.88391331968594,1,1.21334358949252,1.13625245327246
"97",52,0.745444031897932,1.88391331968594,1,1.39921829807808,0.828039092673948
"152",53,0,0.613581384903542,1,3.14675725412584,1.05689941952534
"337",53,0.508291864302009,0.613581384903542,1,3.35369273026392,1.70046621835875
"441",53,0.00667899288237095,0.613581384903542,1,3.55392486223106,1.85205027825254
"543",53,0.136471817735583,0.613581384903542,1,3.84462899184409,1.49930053658321
"633",53,0.611120249144733,0.613581384903542,1,3.78529210787034,1.25252112102834
"725",53,0.590507821179926,0.613581384903542,1,3.60520069501117,1.44323918947461
"153",54,0,1.59035290608758,1,0.339314802421061,0.776369844008674
"237",54,0.7926130364649,1.59035290608758,1,0.260161166782523,1.2150366559825
"338",54,0.904738752637058,1.59035290608758,1,0.748332595379,1.51438782256225
"442",54,0.596957837697119,1.59035290608758,1,0.403675025510844,0.768093837994726
"544",54,0.443264036439359,1.59035290608758,1,1.02581318413618,1.16085833262175
"821",54,0.923920380882919,1.59035290608758,1,0.819206948154537,1.43636478275073
"154",55,0,6.71681686616503,0,-1.29754665776614,-0.368787730900338
"238",55,0.855098970700055,6.71681686616503,0,-1.57978550984664,-0.843174728286701
"339",55,1.43330406583846,6.71681686616503,0,-1.7287241030537,-1.16665799495461
"443",55,0.280515618156642,6.71681686616503,0,-1.04148677248894,-0.903886077356465
"545",55,0.417577343992889,6.71681686616503,0,-1.35398851201983,-0.432318317647333
"634",55,0.906390723306686,6.71681686616503,0,-1.74236331111948,-0.976996756830404
"726",55,0.496131860651076,6.71681686616503,0,-1.55858181688545,-0.262003247949608
"822",55,0.775778597220778,6.71681686616503,0,-1.47046772215135,-1.47734453441093
"155",56,0,1.36999035768551,1,0.371435121181659,0.826947412489415
"444",56,1.06786121474579,1.36999035768551,1,0.370080080077708,1.60199213504464
"546",56,1.32247829018161,1.36999035768551,1,1.08631664058565,1.45881700974524
"635",56,1.06770218769088,1.36999035768551,1,0.599919124076231,1.56851836516644
"727",56,0.18575834762305,1.36999035768551,1,0.551866496137306,1.12081439344776
"156",57,0,2.62016884525146,1,-1.24636749035847,0.0879103255722795
"239",57,0.638836547732353,2.62016884525146,1,-0.988124761824693,-0.160119477821681
"340",57,0.850322496145964,2.62016884525146,1,-0.745795970955137,-0.243269435266083
"445",57,1.63203364796937,2.62016884525146,1,0.0869606433560319,-0.344797129838075
"547",57,0.578331614844501,2.62016884525146,1,-0.617461786927304,0.469350752769837
"636",57,0.607667816802859,2.62016884525146,1,-0.505922591940464,0.0929452371795514
"728",57,1.1485867225565,2.62016884525146,1,-0.214371955971531,-0.0739134023292877
"823",57,1.42257204093039,2.62016884525146,1,-0.873151573158639,0.257010408537201
"157",58,0,1.4501759743318,0,1.22040589366395,0.937397310347379
"548",58,0.201967482920736,1.4501759743318,0,1.15632395360929,0.464345601173784
"637",58,0.87578779598698,1.4501759743318,0,0.400517838288481,0.822499602763233
"158",59,0,2.13851451973896,0,0.0676840894827176,0.354007679336455
"240",59,1.85618589445949,2.13851451973896,0,-0.247666355222837,0.621918366904595
"341",59,0.583488100674003,2.13851451973896,0,-0.192989958102751,0.776534845525847
"446",59,0.406340077519417,2.13851451973896,0,0.277109060699592,0.562476967075177
"549",59,0.997183999978006,2.13851451973896,0,0.37838698795628,0.491027014431983
"159",60,0,1.6113561320025,1,-0.12413297300307,1.99988042696887
"241",60,0.124673612415791,1.6113561320025,1,0.127655860646749,2.20681648962182
"342",60,0.645866208244115,1.6113561320025,1,-0.0312304705648964,1.45302509118792
"447",60,1.43791049160063,1.6113561320025,1,0.410152037956272,1.85368120844238
"550",60,0.741159513127059,1.6113561320025,1,0.721752325959607,1.3117968340423
"638",60,0.12738745380193,1.6113561320025,1,-0.00516845965996343,1.60696496302901
"729",60,0.600417136214674,1.6113561320025,1,0.214540318848399,1.91104320660451
"160",61,0,1.73973700099678,1,-1.95321596637228,0.106311099185565
"242",61,1.02411135099828,1.73973700099678,1,-2.00679052820472,0.588934941653612
"343",61,1.55858172802255,1.73973700099678,1,-2.51292048924987,0.267421345777259
"448",61,1.73006254248321,1.73973700099678,1,-3.21590682883328,0.665573252678367
"551",61,1.31768076075241,1.73973700099678,1,-3.20921288900165,0.0265807107108956
"639",61,0.710723725147545,1.73973700099678,1,-2.41427734689845,-0.278958473697667
"730",61,1.72059482615441,1.73973700099678,1,-2.85594627458341,0.516136196593755
"161",62,0,1.00714341625269,1,0.871528604636914,2.69814250830787
"640",62,0.302722330670804,1.00714341625269,1,0.1963390800545,2.12142852946331
"731",62,0.644492670428008,1.00714341625269,1,-0.351908446415231,1.79549290425873
"162",63,0,0.774077974004764,1,2.85529207255559,0.434790496267675
"449",63,0.222052588593215,0.774077974004764,1,1.91015583321233,1.042926548088
"641",63,0.125479123089463,0.774077974004764,1,2.08289666237416,1.2573125062717
"732",63,0.748456079512835,0.774077974004764,1,2.09829045207089,1.44735025988494
"163",64,0,1.46824667794646,1,0.82088181400183,2.01322698215719
"344",64,0.61210217140615,1.46824667794646,1,0.575012311306716,1.47570228730049
"450",64,0.528163223527372,1.46824667794646,1,1.34106872927504,1.08342770458108
"552",64,1.3271064334549,1.46824667794646,1,1.50046336746622,1.07560840700083
"164",65,0,0.51814498517483,1,2.22153014817886,2.06213390982996
"243",65,0.199355633929372,0.51814498517483,1,2.69421562794369,1.92136747204354
"553",65,0.0579733154736459,0.51814498517483,1,2.71665423580969,2.06643637001977
"642",65,0.0196082619950175,0.51814498517483,1,2.51760433379519,2.07569084491082
"165",66,0,1.26030671785122,1,0.972709665167363,1.21651768594286
"244",66,0.361952543724328,1.26030671785122,1,0.384883013183412,0.983383952876549
"345",66,0.822118482552469,1.26030671785122,1,1.06158847703718,2.25022493257329
"451",66,0.00540322065353394,1.26030671785122,1,0.645933101754893,1.54571225128513
"554",66,1.10140658263117,1.26030671785122,1,0.934879006181162,1.69982906222597
"824",66,1.06672472087666,1.26030671785122,1,1.13709787860337,1.42230821680351
"166",67,0,1.31093864056275,1,0.455528712729747,1.30319123442774
"245",67,1.11809289548546,1.31093864056275,1,0.446722217721384,2.04030274214551
"346",67,0.803372649010271,1.31093864056275,1,0.994629848583628,0.544817510481521
"452",67,0.0894898641854525,1.31093864056275,1,0.725011418387102,0.998569220526418
"555",67,0.39819220546633,1.31093864056275,1,0.873318299959858,0.912235145616321
"733",67,0.846382301766425,1.31093864056275,1,1.12204982897661,1.54613996588161
"825",67,0.767811462283134,1.31093864056275,1,0.873148648167801,0.599311947159609
"167",68,0,1.2126472077175,1,0.610892381556976,-0.344896153142471
"246",68,1.03310781856999,1.2126472077175,1,0.38067739400459,0.234809157532374
"453",68,1.20200362987816,1.2126472077175,1,0.281554009450301,1.16386576033054
"556",68,1.04708199761808,1.2126472077175,1,0.946385861964969,0.145163505328085
"643",68,0.435716778505594,1.2126472077175,1,0.33598167342214,0.0934646769313565
"734",68,0.480649264529347,1.2126472077175,1,0.517217577185394,0.0320569167650981
"168",69,0,1.29702644698825,1,1.23276148342217,-0.167782702015694
"454",69,0.329951094929129,1.29702644698825,1,1.4925296551987,0.254561248140839
"557",69,0.207888710312545,1.29702644698825,1,1.39088084777094,0.0726080057880505
"735",69,1.10310806240886,1.29702644698825,1,1.78987057164432,-0.324988073615882
"169",70,0,2.1934232496856,1,1.42509563891399,1.20569473882558
"247",70,0.756631633266807,2.1934232496856,1,0.524498921474157,0.77965093198007
"347",70,0.831691580824554,2.1934232496856,1,1.73017424453752,0.759582174098521
"455",70,1.50485468329862,2.1934232496856,1,0.978732274253463,0.290476184184242
"558",70,1.95634379610419,2.1934232496856,1,1.06282762547404,0.454459179983374
"644",70,1.28925579460338,2.1934232496856,1,1.14338081309422,0.93417102783119
"736",70,0.627803931478411,2.1934232496856,1,1.12302164371267,0.486071092626448
"170",71,0,1.10809428817006,1,1.92047068563999,0.775177132827068
"348",71,0.41957479249686,1.10809428817006,1,2.28731940058279,1.11819987479967
"456",71,0.348957617767155,1.10809428817006,1,1.61632958390603,0.954790970976157
"645",71,0.134515204932541,1.10809428817006,1,2.30587015094758,0.872806035920298
"171",72,0,0.735117420804827,1,1.64018641233491,1.78044783440335
"248",72,0.0443170317448676,0.735117420804827,1,2.44085742116147,1.74361426390993
"457",72,0.448112145997584,0.735117420804827,1,1.68964303325937,2.09431314756719
"646",72,0.572860688902438,0.735117420804827,1,1.75130741518434,1.96466845666464
"172",73,0,5.21894722539,0,0.459979158042658,-0.370282207041149
"249",73,0.935626347083598,5.21894722539,0,0.197596100773976,-0.555849995143458
"349",73,0.442681408952922,5.21894722539,0,0.986717848367102,-0.473270600529188
"458",73,1.78645546222106,5.21894722539,0,0.588024152963308,-1.07751643523189
"559",73,1.06121155107394,5.21894722539,0,0.500822585737596,-1.01563909222035
"647",73,1.8983134329319,5.21894722539,0,1.36385272724429,-0.418964268946255
"737",73,0.233706284780055,5.21894722539,0,0.819414644003088,-0.405121123680681
"826",73,1.16223096800968,5.21894722539,0,0.915085113377412,-0.901152904511898
"173",74,0,0.827400439936016,1,1.75565550693354,1.01180716324649
"250",74,0.419395332690328,0.827400439936016,1,0.758456937908703,1.3867204211845
"560",74,0.573129146359861,0.827400439936016,1,1.47764049894059,1.22144401678262
"648",74,0.583004823420197,0.827400439936016,1,1.71301758895391,2.15060820793169
"174",75,0,1.44683920155426,1,1.22462486077484,0.345636275611717
"561",75,0.241978666279465,1.44683920155426,1,1.68407466007603,0.075132021754668
"649",75,0.596697859466076,1.44683920155426,1,1.91852711333583,-0.547783187768728
"175",76,0,3.57177731874399,0,2.57767509478764,1.22126560950918
"251",76,0.576518015004694,3.57177731874399,0,1.97487722087933,0.615704723851526
"350",76,1.14450518786907,3.57177731874399,0,1.97511081692757,1.20003941230143
"459",76,1.94908339995891,3.57177731874399,0,0.588298009929281,0.417524143254115
"176",77,0,1.87772599582095,0,0.230515813731811,0.442500323630209
"252",77,0.738028552848846,1.87772599582095,0,-0.00812856429511916,0.307326885911694
"351",77,1.0197382462211,1.87772599582095,0,0.32924812198439,0.195587036360879
"460",77,0.507567529566586,1.87772599582095,0,0.0484337577679806,0.324574817416846
"562",77,1.83360277209431,1.87772599582095,0,0.573843429650843,0.236525127509745
"650",77,1.17653640918434,1.87772599582095,0,0.317292542358077,0.480116501483523
"738",77,0.877379148732871,1.87772599582095,0,0.567273136809341,0.823896489787454
"827",77,1.79462423780933,1.87772599582095,0,0.426460830923321,0.150586056453568
"177",78,0,2.57743577359822,1,0.382396608819383,1.09980959888467
"253",78,0.177923521026969,2.57743577359822,1,0.517824186420564,1.12325556100059
"352",78,0.955888647120446,2.57743577359822,1,1.2855329827803,0.234590340691
"461",78,0.884619719814509,2.57743577359822,1,0.851779380349455,0.418495811264229
"563",78,0.940694615710527,2.57743577359822,1,0.759234351508661,0.390077321773154
"651",78,0.0597445806488395,2.57743577359822,1,0.425177757072557,0.764036379577097
"739",78,1.95371335279197,2.57743577359822,1,0.651667505524415,0.215316169881899
"828",78,1.58177880197763,2.57743577359822,1,1.0479962367589,0.144054693536569
"178",79,0,0.634087057404406,1,1.17436621084442,2.27306896220138
"564",79,0.0642370348796248,0.634087057404406,1,1.59523338724295,1.58946838048154
"179",80,0,4.50525189328473,0,0.899044980682831,0.609205052661168
"254",80,1.44934555329382,4.50525189328473,0,0.0864299123918132,0.077667426462785
"353",80,0.345433789305389,4.50525189328473,0,0.293151919572594,0.340002814240691
"462",80,1.57582206232473,4.50525189328473,0,-0.272465022103089,-0.48273303953774
"565",80,1.34273912012577,4.50525189328473,0,-0.961702566758334,-0.0544084427767513
"652",80,1.00028711836785,4.50525189328473,0,-0.237875867466781,0.0459966276682612
"740",80,0.106623848434538,4.50525189328473,0,0.264439881388744,0.0433625223492744
"180",81,0,1.02651911975902,1,0.75943940464509,1.20118227458416
"354",81,0.122039210982621,1.02651911975902,1,0.427295973207308,0.881299163545292
"181",82,0,0.966576945957192,1,1.13368496437875,1.59737376322142
"355",82,0.462231599725783,0.966576945957192,1,1.3487845480964,0.614386591626254
"463",82,0.0709834657609463,0.966576945957192,1,1.74482377874291,1.24736765449396
"741",82,0.00748599786311388,0.966576945957192,1,1.60291787925581,0.908051073699945
"182",83,0,3.39753995079082,0,0.062923694712096,-0.964370735201117
"255",83,0.164924037177116,3.39753995079082,0,-0.0447619847402645,-1.04000645120241
"356",83,1.62226223619655,3.39753995079082,0,-0.437197662573807,-1.77731392689883
"464",83,1.2582066799514,3.39753995079082,0,-0.320287693627758,-1.30116190928523
"566",83,1.97303485870361,3.39753995079082,0,-0.995860399897316,-1.75225957034106
"653",83,1.69734608568251,3.39753995079082,0,-0.559528807064431,-1.77071473184371
"742",83,1.88654392538592,3.39753995079082,0,-0.583727098385547,-1.41555035165486
"829",83,1.8679969497025,3.39753995079082,0,-0.399365253656581,-2.07449581625552
"183",84,0,0.309005287766224,1,0.960208691471713,2.79927961896652
"743",84,0.0535916239023209,0.309005287766224,1,1.38426837135395,3.06320034863564
"184",85,0,4.07105498282795,1,-0.305902276960635,-0.760574257736303
"256",85,1.47906730789691,4.07105498282795,1,0.0124449382114412,-0.186058392037246
"357",85,1.50799531349912,4.07105498282795,1,0.464163021773433,-0.935350812158715
"465",85,0.919269947800785,4.07105498282795,1,0.0836037338749355,-0.344837279381904
"567",85,0.646593068726361,4.07105498282795,1,0.157300991798846,-0.263822028008593
"654",85,1.74859044514596,4.07105498282795,1,0.771858310604036,-0.557544769572742
"744",85,1.07135771540925,4.07105498282795,1,0.0648344715142021,-0.635645449761765
"830",85,0.108154451008886,4.07105498282795,1,-0.272306826917989,-0.496784495205839
"185",86,0,1.10844150853809,0,0.860496246714153,0.886721884140179
"466",86,0.936224083881825,1.10844150853809,0,0.838273413434699,0.508888965237525
"568",86,0.888024200685322,1.10844150853809,0,1.07202473817538,1.29311135775642
"655",86,0.769276603125036,1.10844150853809,0,1.23539557013545,0.38009706924891
"186",87,0,2.25883115741599,1,1.06463427427385,0.452018580156438
"257",87,1.37876792252064,2.25883115741599,1,1.55046875775272,0.271851186925732
"358",87,1.84856183174998,2.25883115741599,1,1.38990501627221,0.889200224310335
"467",87,1.78323081741109,2.25883115741599,1,1.21985830909288,0.771028327967838
"569",87,0.480829138308764,2.25883115741599,1,1.18322493568307,0.098152905643016
"656",87,0.628865813370794,2.25883115741599,1,1.06247141267957,0.0642447489398942
"745",87,1.5351093201898,2.25883115741599,1,1.30592769980639,0.239797253856641
"187",88,0,0.47941297875545,1,-0.108141090241094,0.814955850059698
"570",88,0.37028245581314,0.47941297875545,1,-0.121154724973992,0.402298855004686
"657",88,0.405274188611656,0.47941297875545,1,-0.0356356797494984,0.527487324172266
"188",89,0,0.744571462028031,1,0.598449385574462,0.452103571631026
"571",89,0.688709073234349,0.744571462028031,1,0.880194984215304,0.0442582483282526
"658",89,0.60851222788915,0.744571462028031,1,0.817469001264106,-0.0185943699005331
"189",90,0,2.53209398637782,1,0.800123544063708,-0.942704922989736
"258",90,0.308537417557091,2.53209398637782,1,0.579078745842663,-1.14783441141986
"359",90,1.16630144184455,2.53209398637782,1,0.632526175746957,-0.639109090315052
"468",90,1.40880928607658,2.53209398637782,1,0.619328227172669,-0.0161523366294236
"572",90,0.164125453215092,2.53209398637782,1,0.451729754672946,-1.07032230630094
"190",91,0,2.45615304638196,1,-1.00959514617443,0.733780138513114
"259",91,1.95998134324327,2.45615304638196,1,0.0232836045590312,0.78642607401288
"360",91,1.41167759383097,2.45615304638196,1,-0.0489208353465465,0.456395193152302
"469",91,0.291938938200474,2.45615304638196,1,-0.48682438365127,0.468284923594374
"573",91,0.259930201340467,2.45615304638196,1,-0.802608855604597,0.184871263371741
"659",91,1.33637744607404,2.45615304638196,1,-0.17059905088784,1.06369985771584
"746",91,0.34303683694452,2.45615304638196,1,-1.31217127791257,0.367913407866291
"191",92,0,1.49374512503855,0,-0.071034699710589,0.77154770282396
"260",92,1.08131927670911,1.49374512503855,0,-0.215480476734414,0.435404763448313
"361",92,0.65960701322183,1.49374512503855,0,-0.824209838611469,0.406413645085602
"470",92,1.07345597213134,1.49374512503855,0,-0.811489746655763,0.860421757670375
"574",92,0.442874489352107,1.49374512503855,0,-0.397867651653541,0.955273479545617
"747",92,1.4712466862984,1.49374512503855,0,-0.261109589822545,-0.0698029696883796
"192",93,0,2.12023098428044,1,0.339612650098702,0.464230559373051
"261",93,0.175288020633161,2.12023098428044,1,0.204986020691567,0.722215319099606
"362",93,0.50112966587767,2.12023098428044,1,0.13498538778591,0.406202252782875
"471",93,0.536084867548198,2.12023098428044,1,0.34352280294885,0.471685462059251
"575",93,1.29832793911919,2.12023098428044,1,0.754538964253375,-0.258461731764786
"660",93,0.97793963458389,2.12023098428044,1,0.37615219793126,0.212998383417149
"193",94,0,1.79864965390458,1,1.91617249027951,0.539842290543321
"472",94,0.128251663874835,1.79864965390458,1,1.65869151183289,0.380535571951208
"576",94,0.227966157719493,1.79864965390458,1,1.18884736667982,0.876376762121773
"661",94,0.756740862037987,1.79864965390458,1,1.56511694819008,0.326330863537927
"748",94,1.306279593613,1.79864965390458,1,1.31260557937927,0.160550440152196
"194",95,0,1.72284102082832,1,-0.00797829690049251,-0.903014405007559
"262",95,1.69977689860389,1.72284102082832,1,0.411876606930434,-0.937115449727321
"363",95,0.443668022286147,1.72284102082832,1,0.384333422202589,-0.223632860203239
"473",95,0.032131970860064,1.72284102082832,1,-0.481050142734539,-0.471031490116474
"577",95,1.62853726232424,1.72284102082832,1,0.320800419733331,-0.341224719839734
"662",95,0.0632690181955695,1.72284102082832,1,-0.155246698959973,-0.651538207917332
"749",95,0.920830318704247,1.72284102082832,1,0.099336703959873,-0.121569996593767
"195",96,0,2.5485625509986,1,1.38122220780433,0.150468769528838
"263",96,1.64270974788815,2.5485625509986,1,1.11635163729604,-0.0266919813131596
"364",96,1.19018329773098,2.5485625509986,1,2.03676980493409,0.545341153301791
"474",96,0.416187457274646,2.5485625509986,1,1.3470167816479,0.249764673515722
"578",96,0.876587857492268,2.5485625509986,1,1.51134054698064,-0.418330961459134
"663",96,0.399008526932448,2.5485625509986,1,1.50181447631782,-0.363575537374612
"750",96,1.91689946129918,2.5485625509986,1,1.07014492203838,0.0678756653914304
"196",97,0,1.18241804987658,1,0.287029430976177,0.8666182347647
"264",97,0.446810842491686,1.18241804987658,1,0.343183179463346,0.0524738411789812
"475",97,0.0695397276431322,1.18241804987658,1,0.514198599834676,0.432607888591581
"664",97,1.18181390734389,1.18241804987658,1,0.116479767101778,-0.686369701312307
"751",97,0.350365918129683,1.18241804987658,1,0.289792656643208,-0.0441513554326558
"831",97,0.898469775449485,1.18241804987658,1,0.208353651977926,-0.942110036932059
"197",98,0,1.82938163593565,1,-0.437115638271971,0.705797221534695
"265",98,0.729530584532768,1.82938163593565,1,-0.580686127678595,0.211635774380987
"365",98,0.455913302488625,1.82938163593565,1,-0.224532014535187,0.373271776458481
"476",98,0.688827834092081,1.82938163593565,1,-0.749750219159911,-0.0208472854100231
"579",98,1.56219223933294,1.82938163593565,1,-1.17162119877604,-0.0740857687541733
"665",98,0.832890931982547,1.82938163593565,1,-0.744856067978449,0.321807590296004
"752",98,1.61981378821656,1.82938163593565,1,-0.962554546263594,-0.921068730687777
"832",98,0.317606012802571,1.82938163593565,1,0.0271908290049151,0.0848121677431554
"98",98,0.813849788624793,1.82938163593565,1,-0.890647172356489,0.19749349128727
"198",99,0,0.503124270327552,1,1.57787108753243,1.64417917595218
"580",99,0.087539263535291,0.503124270327552,1,1.44978091185152,1.95982570018683
"199",100,0,1.14599457471631,0,-0.729657454933503,0.115782048321365
"266",100,0.248765338677913,1.14599457471631,0,-0.282278907740744,0.129916823000317
"366",100,0.133002008777112,1.14599457471631,0,-0.497148784692318,0.170710594329574
"477",100,1.13929941458628,1.14599457471631,0,0.171885436773316,-0.033448376857561
"581",100,0.69917957065627,1.14599457471631,0,-0.407655231577573,0.170867299866804
"753",100,0.859275617171079,1.14599457471631,0,-0.863897314169821,0.206191306233881
"1100",101,0,2.41664679029288,1,-0.497083772048374,0.922109820402131
"267",101,1.08512311987579,2.41664679029288,1,-0.0978838035494077,0.555727913603615
"367",101,0.217834477312863,2.41664679029288,1,-0.0936706705812705,0.876784637100925
"478",101,1.16301253810525,2.41664679029288,1,-0.265109077186904,0.532395325038421
"582",101,1.18852715706453,2.41664679029288,1,-0.122120064329565,0.676597738977009
"666",101,1.12398552382365,2.41664679029288,1,-0.647338119716744,0.660130486880597
"1101",102,0,6.4285940032918,0,0.472365293589801,0.74160457358633
"268",102,0.436218066606671,6.4285940032918,0,-0.123517741549935,1.01316746942722
"368",102,0.57265464309603,6.4285940032918,0,0.0987411885319735,0.585929116746012
"479",102,1.69353251578286,6.4285940032918,0,-0.700427441748878,-0.288882266550213
"583",102,1.95490178605542,6.4285940032918,0,-0.134563417727805,-0.741603099154364
"667",102,1.49692517891526,6.4285940032918,0,-0.364034229204386,-0.317231491936703
"754",102,0.836442147847265,6.4285940032918,0,-0.101742455444405,0.855785327082908
"833",102,0.841497453395277,6.4285940032918,0,-0.0267134767563413,0.208283865843488
"99",102,1.30046023707837,6.4285940032918,0,-0.616891314617535,-0.353656475409127
"1102",103,0,4.39168534853449,1,-0.888693061189569,-0.701014285346585
"269",103,0.0462295827455819,4.39168534853449,1,-0.922076554557546,-1.20921427715569
"369",103,1.61520232399926,4.39168534853449,1,-1.23122927712842,-1.14390073307165
"480",103,1.95278119063005,4.39168534853449,1,-1.36659560091946,-0.497424919605759
"584",103,0.466481537092477,4.39168534853449,1,-0.852943246988724,-0.727774804537027
"668",103,0.863876883871853,4.39168534853449,1,-0.69500957349873,-0.416078756318301
"755",103,0.772950140293688,4.39168534853449,1,-0.370199255841906,-0.472712364786406
"834",103,1.17781443567947,4.39168534853449,1,-0.75963213229765,-1.0434371589682
"1103",104,0,1.97942045530467,1,0.684998467207558,1.1622426885722
"270",104,1.93045226018876,1.97942045530467,1,-0.0322266696044059,1.36683385235773
"370",104,1.40652264561504,1.97942045530467,1,-0.187963329138532,1.95008111157913
"481",104,1.07597329793498,1.97942045530467,1,0.191120859053282,0.93309962523283
"585",104,1.89789832988754,1.97942045530467,1,-0.0120596216425458,0.858179271089315
"669",104,1.74891968118027,1.97942045530467,1,0.550905556395102,1.61621504317298
"756",104,0.395858843810856,1.97942045530467,1,0.684689016416817,0.634255708576729
"1104",105,0,1.50463273790665,0,-0.379235178162408,0.682022632839349
"271",105,0.942349907942116,1.50463273790665,0,-0.56638101578764,0.705006210326214
"371",105,0.580265402793884,1.50463273790665,0,-0.181899452425422,1.23781846396783
"482",105,1.0108293145895,1.50463273790665,0,0.563745536800325,0.847233706710363
"586",105,0.436421853490174,1.50463273790665,0,-0.0209183436589337,1.08128381499203
"757",105,0.962336307391524,1.50463273790665,0,-0.0158224447362447,0.657903597645236
"835",105,1.34568123798817,1.50463273790665,0,0.519454693621447,0.601037035387791
"1105",106,0,1.45465229501755,1,0.401457984177305,1.97190389165788
"372",106,0.813813236542046,1.45465229501755,1,0.621179483494338,2.11624413628759
"587",106,0.547640494536608,1.45465229501755,1,0.342189613407643,2.00042772147163
"670",106,0.615875802002847,1.45465229501755,1,0.246252765480247,1.95048223540244
"836",106,0.191155640874058,1.45465229501755,1,1.01848445512838,1.78073588324947
"1106",107,0,1.04575564879924,0,0.837818275890001,1.24205995057541
"373",107,0.858120762277395,1.04575564879924,0,1.05042011112923,0.493883558714595
"483",107,1.04563256725669,1.04575564879924,0,1.32751627125632,0.789831935165979
"588",107,0.456510868854821,1.04575564879924,0,1.35989344729166,0.730764019543637
"1107",108,0,1.60307893585977,1,1.5302159809371,0.669935623191558
"272",108,1.31217932607979,1.60307893585977,1,1.5638663712021,0.906908144772448
"671",108,1.40818749275059,1.60307893585977,1,0.851613716342746,0.660750592567497
"758",108,1.20174728985876,1.60307893585977,1,1.57860068948741,1.10222528752447
"837",108,1.5041775405407,1.60307893585977,1,1.18891651188682,0.535187369268242
"1108",109,0,1.27783944779562,1,1.51040718764573,0.779375776753036
"374",109,0.462366661988199,1.27783944779562,1,1.30714883825001,0.109331926860902
"759",109,0.914546723943204,1.27783944779562,1,1.34960168995375,0.498517363557483
"838",109,1.14796210732311,1.27783944779562,1,1.78725805311839,0.445973764772602
"1109",110,0,0.632623303084308,1,-0.170542369450373,1.41558401091746
"375",110,0.488627949729562,0.632623303084308,1,-0.501232970973516,1.11338840401375
"1110",111,0,1.06513929984067,0,1.01799343778715,0.107974398206879
"484",111,0.680941653903574,1.06513929984067,0,0.992117175425253,0.0455541129947207
"589",111,0.234745409339666,1.06513929984067,0,1.03930427936597,0.0569940285454689
"672",111,0.639567099977285,1.06513929984067,0,0.939814987993285,-0.517352175486605
"839",111,0.856473817955703,1.06513929984067,0,1.35883391380977,0.255225418588529
"1111",112,0,3.56850503301958,1,0.539938126467446,-0.00405021386661475
"273",112,0.117027500178665,3.56850503301958,1,0.517788296465954,0.326649478303298
"376",112,1.26829752232879,3.56850503301958,1,0.242502519745453,0.396982612086893
"485",112,1.28779856301844,3.56850503301958,1,-0.17423384238037,0.101759071610099
"590",112,1.71406693570316,3.56850503301958,1,-0.0436543953781097,-0.0604437176675877
"673",112,0.264097064733505,3.56850503301958,1,0.28130837597586,0.0500085517975783
"760",112,0.471816372126341,3.56850503301958,1,0.59919166061837,0.680703259919145
"1112",113,0,0.811284579762747,1,-0.117148986386633,0.999521927716093
"1113",114,0,0.831695354244974,1,1.19917748230204,1.18790881246384
"486",114,0.100882601924241,0.831695354244974,1,0.7675971924788,1.180705954254
"1114",115,0,1.08186826179735,0,0.398877483955773,0.398253446964332
"487",115,0.43035258166492,1.08186826179735,0,0.877909681814181,0.97143641167077
"591",115,0.717540921177715,1.08186826179735,0,0.351770334174574,0.586669856050956
"674",115,0.711461686063558,1.08186826179735,0,0.345162443219785,1.23098031776715
"1115",116,0,2.54024698067096,1,1.01658130666653,0.296469110395319
"274",116,1.70383390784264,2.54024698067096,1,0.727959072377674,-0.0915961856535212
"377",116,0.393207820598036,2.54024698067096,1,1.56548326851429,0.111362892789722
"488",116,1.29075876111165,2.54024698067096,1,1.10830358647077,0.195158160180196
"592",116,1.66515852231532,2.54024698067096,1,0.530942435533347,-0.378908215359399
"675",116,0.494459212757647,2.54024698067096,1,1.13847492267966,-0.326404078519279
"761",116,0.098278374876827,2.54024698067096,1,1.67631583282624,-0.218771708110283
"1116",117,0,0.482571876281267,1,1.01775034082103,2.95440581457532
"840",117,0.0607837834395468,0.482571876281267,1,0.785538736685065,2.32591020551023
"1117",118,0,6.63631746047176,0,-1.42164859381847,-1.22995901502505
"275",118,1.46235423209146,6.63631746047176,0,-1.09011927894956,-2.55226410074205
"378",118,0.571312539279461,6.63631746047176,0,-1.13317216128367,-1.59324050955097
"489",118,0.717525584623218,6.63631746047176,0,-1.72912382929897,-1.69308644199092
"593",118,1.69497236656025,6.63631746047176,0,-1.08416722012215,-2.86606894414915
"676",118,0.842925604432821,6.63631746047176,0,-0.862293401118088,-2.07239209516457
"762",118,0.705679156817496,6.63631746047176,0,-1.02898904156671,-2.32078246118689
"841",118,1.10149508994073,6.63631746047176,0,-0.716780597640776,-2.27956628687551
"1118",119,0,0.606799306414044,1,1.99701194237239,0.765023032700701
"276",119,0.547184852417558,0.606799306414044,1,1.95277430055667,1.5502813798993
"594",119,0.132011969573796,0.606799306414044,1,1.88358151090214,1.22931849040899
"677",119,0.172283561434597,0.606799306414044,1,1.43309361204493,1.0166711939955
"842",119,0.387038244400173,0.606799306414044,1,1.92696689608763,0.409530171491775
"1119",120,0,1.2138086436291,1,0.434918544357154,0.566913903998159
"277",120,0.135748092550784,1.2138086436291,1,0.697754283878964,0.537288964007148
"595",120,0.120947903953493,1.2138086436291,1,0.457619925761047,0.645396450035488
"678",120,0.11663417192176,1.2138086436291,1,-0.122470234463038,0.629007082184948
"763",120,1.19380973698571,1.2138086436291,1,0.512812671749989,1.00028500903374
"843",120,0.761814358644187,1.2138086436291,1,1.33195486130831,0.760890191464261
"1120",121,0,6.23305727145635,0,-0.926292360258391,-0.682802781095178
"278",121,1.10627041012049,6.23305727145635,0,-0.787894593883259,-1.02893018568223
"379",121,1.58353461837396,6.23305727145635,0,-1.35811447332856,-1.13886410207088
"490",121,0.440463526640087,6.23305727145635,0,-1.05743967774343,-0.523984580969619
"596",121,0.928608275018632,6.23305727145635,0,-1.25641447952448,-1.14932683505137
"679",121,0.153235569596291,6.23305727145635,0,-0.771857893677938,-1.03419821342493
"764",121,1.21669259294868,6.23305727145635,0,-0.962631867521748,-1.41182538548929
"844",121,0.0688054501079023,6.23305727145635,0,-0.946521768719906,-0.996491540919699
"910",121,0.707781832665205,6.23305727145635,0,-0.729738857608457,-0.688724862659329
"1121",122,0,1.00513348692083,1,0.885886104295646,1.79168113146793
"491",122,0.659921214450151,1.00513348692083,1,1.30934316938412,1.86338182236595
"597",122,0.696501079946756,1.00513348692083,1,1.21876391380791,2.23695347635371
"680",122,0.160076892469078,1.00513348692083,1,1.01794027774105,1.98351163035868
"1122",123,0,3.07423543815967,0,-0.605029420817899,-0.171339943327866
"279",123,0.976853554137051,3.07423543815967,0,-0.135112804401188,-0.632697043509278
"380",123,1.77548369951546,3.07423543815967,0,-0.0414896117495761,-1.23423865877389
"492",123,0.0577281904406846,3.07423543815967,0,0.110961958053214,-0.767289397180519
"598",123,1.71270084287971,3.07423543815967,0,-0.346175613691633,-0.971193372885174
"681",123,1.7256691227667,3.07423543815967,0,-0.41889359584894,-1.15429573891476
"765",123,1.32862212928012,3.07423543815967,0,-0.541964170474706,-1.27796587127627
"845",123,1.05144765786827,3.07423543815967,0,-0.624819891793247,-0.643725876345907
"1123",124,0,2.63979326088247,1,0.362605782669891,-1.57192945824875
"280",124,0.583050642162561,2.63979326088247,1,1.67367078851284,-1.21010865556587
"381",124,1.26526992628351,2.63979326088247,1,1.0416428953955,0.233120672823414
"493",124,1.03904526215047,2.63979326088247,1,1.47552747456321,0.200753696101185
"599",124,1.7806044141762,2.63979326088247,1,1.87656022745361,-0.0295907470299692
"682",124,1.12332546245307,2.63979326088247,1,1.72412318144117,-0.166851452906407
"766",124,0.293707609642297,2.63979326088247,1,0.973419492551776,-0.51133407723272
"1124",125,0,6.50812995671295,0,-0.401529517735117,-0.901272475083406
"281",125,0.702105290722102,6.50812995671295,0,-0.506645631928056,-1.12637574841598
"382",125,1.35723725985736,6.50812995671295,0,-1.17933010969825,-1.19081642805611
"494",125,1.50998525647447,6.50812995671295,0,-0.68215177641065,-0.554578466772939
"5100",125,1.28844663035125,6.50812995671295,0,-1.50057384525295,-1.12140777435838
"683",125,1.5428772661835,6.50812995671295,0,-0.983592899434782,-1.35685598454944
"767",125,1.77140561537817,6.50812995671295,0,-1.92393419856286,-1.023008998327
"846",125,1.76936160819605,6.50812995671295,0,-1.13161799830419,-1.17450921521842
"1125",126,0,1.81788826268166,0,-0.583137642129693,0.389078437877659
"282",126,1.11146891117096,1.81788826268166,0,-0.703949790891136,-0.652628817826485
"383",126,1.66521002771333,1.81788826268166,0,-0.62223381597758,-0.487039749691562
"495",126,0.795217966660857,1.81788826268166,0,-0.5590903299566,0.102559724604057
"5101",126,0.679958095308393,1.81788826268166,0,-0.490104660247992,-0.277527461327735
"684",126,1.69179967883974,1.81788826268166,0,-0.558007033236773,-0.159736625515643
"768",126,1.27421970060095,1.81788826268166,0,-0.524219081761187,-0.38704075606772
"1126",127,0,0.855656763380906,1,2.13118487615331,1.84125130985635
"283",127,0.134399903472513,0.855656763380906,1,2.00685832592079,1.61530772126161
"769",127,0.624627289362252,0.855656763380906,1,1.68460221304301,2.41723329961487
"847",127,0.624502112157643,0.855656763380906,1,1.75841184893702,1.70474132604839
"1127",128,0,3.52551255195912,1,0.884169566661737,-0.0292690789013968
"284",128,0.063522519543767,3.52551255195912,1,1.17291411318253,0.38990269266333
"384",128,0.609855580143631,3.52551255195912,1,0.802233690371266,0.75322087808538
"496",128,0.590811367146671,3.52551255195912,1,-0.206031217157648,0.980658344788585
"5102",128,1.39800301333889,3.52551255195912,1,-0.271693876837179,0.615742730752335
"685",128,0.689776334911585,3.52551255195912,1,0.16791330354996,1.17311808849498
"770",128,1.95519156148657,3.52551255195912,1,-0.910777700982593,0.458492332235389
"848",128,1.27620899304748,3.52551255195912,1,-0.887842835177968,0.187616156482543
"1128",129,0,1.28153761580447,1,-0.674904145591855,2.82419810920326
"497",129,0.607049516402185,1.28153761580447,1,-0.192535545006474,2.552513457976
"5103",129,0.855369602330029,1.28153761580447,1,-0.669861228708243,1.66801977699301
"1129",130,0,2.59428996592383,1,0.123484914032348,1.00863360367969
"285",130,1.36520008556545,2.59428996592383,1,-0.399395372508454,0.613273235472306
"385",130,0.536100796423852,2.59428996592383,1,-0.493581803541446,1.64044821791406
"498",130,1.8621815610677,2.59428996592383,1,-0.633758364767558,0.69526606568601
"5104",130,0.449764033779502,2.59428996592383,1,-0.598698133192584,0.631776469558831
"686",130,0.701143559068441,2.59428996592383,1,-0.70600657031217,0.794865384015135
"771",130,1.86865559592843,2.59428996592383,1,-0.324950504216767,0.413509700398166
"849",130,0.990258611738682,2.59428996592383,1,-0.512560579017617,0.882434000345774
"911",130,0.965679202228785,2.59428996592383,1,-0.815172109201882,0.590361413363117
"1130",131,0,1.03402854432033,1,0.781199952009422,1.11650118544424
"286",131,0.0108911702409387,1.03402854432033,1,0.815613227768005,0.632455676545185
"386",131,0.928769105114043,1.03402854432033,1,1.65474292125756,1.14305735218058
"5105",131,0.959018860012293,1.03402854432033,1,1.48633586907026,1.12839533641366
"687",131,0.330996803939342,1.03402854432033,1,1.3980618790643,0.688140634165258
"1131",132,0,2.58772134138285,1,1.31867741312022,0.974859981227833
"287",132,0.957753025460988,2.58772134138285,1,1.04893864367273,1.79419897291584
"387",132,0.251770403701812,2.58772134138285,1,0.464337684645207,1.47302487723273
"499",132,1.19345382135361,2.58772134138285,1,0.546630046910416,0.888381258184034
"5106",132,1.91867532534525,2.58772134138285,1,-0.160531782458174,0.862799715936292
"688",132,1.14788589952514,2.58772134138285,1,0.647927058216396,1.12726666256041
"772",132,1.25382350804284,2.58772134138285,1,1.10068604187324,0.932343910960261
"1132",133,0,1.68010911121964,0,1.13036765259764,1.31088351734974
"288",133,0.161496002692729,1.68010911121964,0,0.768073376455162,1.7227285752318
"388",133,0.630167961120605,1.68010911121964,0,1.3259408286252,1.06148722242654
"4100",133,1.23855602368712,1.68010911121964,0,1.40271329883143,0.918693982656491
"5107",133,0.0756622282788157,1.68010911121964,0,0.91623487530211,0.996772965229977
"689",133,1.58702827244997,1.68010911121964,0,1.00755638472164,1.10756922110674
"773",133,1.22894035745412,1.68010911121964,0,0.747931782263277,1.30959782048713
"850",133,0.785329472273588,1.68010911121964,0,0.665366145509802,1.20103479716319
"1133",134,0,2.37076476559257,1,0.314852374047124,0.747151919791204
"289",134,1.2439247504808,2.37076476559257,1,0.121665580935166,0.176465455174496
"389",134,0.685662934090942,2.37076476559257,1,0.398882166802904,-0.00289055107965705
"4101",134,0.91219970677048,2.37076476559257,1,0.116774676198113,0.647503813397136
"5108",134,0.869382918346673,2.37076476559257,1,0.522972745308833,0.617856780030589
"690",134,1.00926424982026,2.37076476559257,1,0.538352294680336,0.833056138133825
"774",134,1.93105436395854,2.37076476559257,1,0.830897848814622,-0.0146097039140254
"851",134,1.74400192080066,2.37076476559257,1,0.826985648772936,0.223536188284897
"912",134,0.69383424334228,2.37076476559257,1,0.708989971966448,0.614165281903483
"1134",135,0,0.408931767828763,1,1.1217952218593,0.498710937473976
"390",135,0.154797672759742,0.408931767828763,1,0.461503670031617,0.688180905002202
"1135",136,0,1.88543795180786,1,0.654338678030735,0.348483898116133
"290",136,1.34128418145701,1.88543795180786,1,-0.619344721108505,-0.0900515114510161
"391",136,0.855951974634081,1.88543795180786,1,0.69254605506222,0.443434672268359
"4102",136,0.49231919972226,1.88543795180786,1,0.48929217540517,-0.00401867594500152
"5109",136,0.160741343162954,1.88543795180786,1,0.70474732151652,0.206724503518497
"691",136,0.295148806180805,1.88543795180786,1,0.535892818296302,-0.024716912799013
"852",136,0.107276034541428,1.88543795180786,1,1.21852810124883,-0.175806841889262
"1136",137,0,3.40484185123742,1,-0.000766832785485505,1.09981511955086
"291",137,1.25519822025672,3.40484185123742,1,-0.316936020902414,0.748658591544631
"392",137,1.03830960951746,3.40484185123742,1,-0.589649485104998,1.55351816838458
"4103",137,1.1091865664348,3.40484185123742,1,-0.546210204129315,0.881904252566006
"5110",137,1.13668791064993,3.40484185123742,1,-0.173679713939444,0.506335642242377
"692",137,0.578121371567249,3.40484185123742,1,-0.602315747735925,0.592475161080854
"775",137,1.23336991900578,3.40484185123742,1,-0.675318872342945,0.545199793759104
"1137",138,0,1.13778651542573,1,-0.50442005450134,0.962084644044166
"292",138,1.10398302413523,1.13778651542573,1,0.228137859599355,0.187033708345725
"4104",138,0.194197500124574,1.13778651542573,1,0.363176448574294,0.910786699208693
"5111",138,1.08035431616008,1.13778651542573,1,0.0501321131942483,-0.329720777048611
"853",138,0.195448229089379,1.13778651542573,1,0.0958266350427776,0.931104030893791
"1138",139,0,3.68034804191638,1,0.0718767304491409,0.240058219043219
"293",139,0.318459662608802,3.68034804191638,1,-0.411415134427343,-0.056619520711921
"393",139,1.21758671524003,3.68034804191638,1,-0.0928095309893708,0.380878935264263
"4105",139,0.216434448957443,3.68034804191638,1,-0.0590093876785256,-0.371878922262958
"5112",139,1.04234873177484,3.68034804191638,1,-0.196487045064814,0.186615386766895
"693",139,0.963847099803388,3.68034804191638,1,0.191030778596553,0.209068484037191
"776",139,0.786508772987872,3.68034804191638,1,-0.290704980096883,-0.0564995458307065
"854",139,0.540903710294515,3.68034804191638,1,0.41999697111939,0.212986901101274
"1139",140,0,3.65544141671977,1,1.05186804037354,0.176913871706048
"294",140,0.49962456477806,3.65544141671977,1,0.295025885701956,0.393302000402969
"394",140,0.267747673671693,3.65544141671977,1,0.882975277914841,-0.116753295948439
"4106",140,1.25108545552939,3.65544141671977,1,0.0174460696915635,0.234755959261435
"5113",140,1.07506796112284,3.65544141671977,1,-0.211329218927949,0.641948015540667
"694",140,1.2344895619899,3.65544141671977,1,-0.516805162422592,1.05246116975939
"777",140,1.02140014572069,3.65544141671977,1,0.359027760807266,0.919063163037982
"855",140,1.90773437079042,3.65544141671977,1,-0.52848961359329,0.134152349696385
"913",140,1.05862477933988,3.65544141671977,1,-0.08273090845015,0.0577091908738319
"1140",141,0,1.51284343686791,1,0.0850520316353386,0.246262653754333
"295",141,0.977552036754787,1.51284343686791,1,0.0761439760344059,0.472497818276116
"395",141,0.272720158100128,1.51284343686791,1,-0.0695015463819837,-0.274813274319509
"695",141,1.03847778728232,1.51284343686791,1,0.425447930779785,-0.283289293990736
"778",141,0.516088985372335,1.51284343686791,1,0.490924799153585,0.100096010693785
"1141",142,0,0.450640544313588,1,1.41114746225663,3.16441590342049
"296",142,0.140824063681066,0.450640544313588,1,1.33852770334661,2.63429019833421
"396",142,0.32031537219882,0.450640544313588,1,1.1088781233234,2.5729068147887
"1142",143,0,3.71337583498098,0,0.565961844799722,-0.15740747004296
"297",143,1.87531924201176,3.71337583498098,0,-0.0970644107784082,-1.51039531737476
"397",143,0.145218600519001,3.71337583498098,0,0.114128033112523,-1.05588239886449
"4107",143,1.77334481617436,3.71337583498098,0,-0.269781042532795,-1.55625283692321
"5114",143,1.89926005387679,3.71337583498098,0,0.245765175687207,-1.37873855214098
"696",143,0.863483952358365,3.71337583498098,0,-0.268024252864141,-1.32077692857468
"779",143,1.91215380374342,3.71337583498098,0,0.0188525390468571,-1.13147686771393
"1143",144,0,1.1945422487871,1,0.372141299419031,1.76264440330521
"298",144,0.49404917890206,1.1945422487871,1,0.0470293196802857,1.06086050310489
"398",144,1.09884627209976,1.1945422487871,1,0.720675047649853,1.18133183586012
"4108",144,0.183695988729596,1.1945422487871,1,1.11735351512278,1.64289612683215
"5115",144,0.147233343683183,1.1945422487871,1,0.832567959497952,1.17538978791443
"697",144,0.20667368452996,1.1945422487871,1,0.496848752500545,1.05306322176742
"780",144,0.466077406425029,1.1945422487871,1,0.814341621358222,1.37198926842017
"856",144,0.294739079661667,1.1945422487871,1,1.35671540967289,1.28330068660826
"1144",145,0,1.7590453432264,1,-0.39885257066054,0.663292622550684
"299",145,0.71833062171936,1.7590453432264,1,0.199598483037607,1.0529078429099
"399",145,1.49035840854049,1.7590453432264,1,0.94577601081381,1.32477347079852
"4109",145,0.566648729145527,1.7590453432264,1,0.969610212731141,1.37533262096443
"5116",145,0.0831806641072035,1.7590453432264,1,-0.559546169825463,1.21431592106086
"698",145,0.0328731439076364,1.7590453432264,1,-0.14309917857474,1.28437835353723
"781",145,0.293553509283811,1.7590453432264,1,0.101930082488963,1.56630296239942
"1145",146,0,1.96549693028769,1,0.455265989744896,0.684896357044429
"2100",146,0.796575499232858,1.96549693028769,1,0.850780767395882,-0.523782939838783
"3100",146,0.846603482495993,1.96549693028769,1,1.27067235830193,-0.681648246546456
"4110",146,0.220127901528031,1.96549693028769,1,0.333625631839469,0.0650851702611385
"5117",146,1.02365865139291,1.96549693028769,1,1.49783364196227,0.383909381041103
"699",146,1.2946914602071,1.96549693028769,1,1.59092142700962,0.155175812220559
"782",146,0.292034042067826,1.96549693028769,1,0.90141858234356,0.375179512462488
"857",146,1.16677968623117,1.96549693028769,1,1.1673792509471,0.234849049736851
"1146",147,0,2.05976498799864,0,-1.25201537822043,-0.674784569529721
"2101",147,0.0607360466383398,2.05976498799864,0,-0.483091639890728,-0.218934489368472
"3101",147,0.136761724483222,2.05976498799864,0,-0.655343471728171,-0.985239899760296
"4111",147,1.19680391298607,2.05976498799864,0,-0.747383323072549,-0.384962215022329
"5118",147,1.685863961,2.05976498799864,0,-0.6895283665609,-0.623945597336018
"6100",147,0.252280807122588,2.05976498799864,0,-0.753128385024696,0.0764850689147119
"1147",148,0,0.791958798859688,1,2.91496681119238,1.25233228728616
"2102",148,0.764447358902544,0.791958798859688,1,2.98427293968181,1.30817065474859
"4112",148,0.645015613175929,0.791958798859688,1,3.02012854043297,1.35302589996627
"5119",148,0.241298340726644,0.791958798859688,1,2.64673022597527,1.49456922333131
"914",148,0.323295150417835,0.791958798859688,1,2.86816681118451,1.81123009738339
"1148",149,0,1.74571845154443,1,1.75566256297414,0.94419831001282
"2103",149,0.873974126297981,1.74571845154443,1,1.24654804847722,1.07383431922734
"3102",149,1.36849376419559,1.74571845154443,1,1.64610422071451,1.71943104193582
"4113",149,1.7197144664824,1.74571845154443,1,1.07211625230216,1.85536339399581
"5120",149,0.592595789115876,1.74571845154443,1,1.35650635773924,0.553215291347128
"6101",149,0.737453442066908,1.74571845154443,1,2.0112127886442,0.877983385315334
"783",149,0.751043305266649,1.74571845154443,1,0.821049038061037,2.01876145612449
"1149",150,0,0.556877162040933,1,1.58805545199488,0.757244777013631
"5121",150,0.267523627728224,0.556877162040933,1,1.62446738662836,0.84876536445062
"6102",150,0.00229499489068985,0.556877162040933,1,2.33767670142464,0.877395694542118
"1150",151,0,1.26613159936341,1,1.16009017146113,0.586313355392035
"2104",151,0.9418048071675,1.26613159936341,1,1.20893715926493,1.47583058998129
"3103",151,0.430472301784903,1.26613159936341,1,0.969976191187652,0.653409713837515
"4114",151,0.545792966149747,1.26613159936341,1,1.15864864858124,0.938554504397226
"858",151,1.0282046799548,1.26613159936341,1,2.07950340335433,1.5668279725381
"1151",152,0,4.7690715352539,0,0.467715051511429,0.167322544932519
"2105",152,0.340967740863562,4.7690715352539,0,0.557028258790722,0.0268896955302422
"3104",152,1.4228091686964,4.7690715352539,0,0.261395315472894,-0.460966257060726
"4115",152,1.55584073532373,4.7690715352539,0,-0.599223547465421,-0.826682356673374
"5122",152,1.61124000931159,4.7690715352539,0,-0.136032253649062,-1.23912667830856
"6103",152,0.0721719064749777,4.7690715352539,0,0.128730847779639,0.465139918359279
"784",152,1.09623896842822,4.7690715352539,0,-0.349769623996842,-0.353500582705027
"1152",153,0,1.80992040676689,1,0.522323458942742,1.54520052082939
"2106",153,1.79715651180595,1.80992040676689,1,0.22459240673976,1.1652088991611
"3105",153,0.839476961642504,1.80992040676689,1,0.524994539576948,1.22029925244607
"4116",153,1.34520801948383,1.80992040676689,1,0.189970304184906,2.13374938349514
"5123",153,1.11239379877225,1.80992040676689,1,0.719180149489133,1.57009824192194
"6104",153,1.46712413243949,1.80992040676689,1,0.555466062128778,1.58111486989414
"785",153,0.851236103102565,1.80992040676689,1,0.0611059223431317,1.334723251349
"1153",154,0,1.85600012128528,1,-1.28478189628279,0.44429741491562
"2107",154,0.287370466627181,1.85600012128528,1,-0.239876018069682,0.578421366038102
"3106",154,0.629434972070158,1.85600012128528,1,-0.120964502036309,0.631886770553071
"5124",154,1.60119348019361,1.85600012128528,1,0.693164563470849,1.43958426880479
"6105",154,0.110437558963895,1.85600012128528,1,-0.425037711126145,1.31863130612606
"786",154,0.355826649349183,1.85600012128528,1,-0.955252427648005,0.925866464327526
"1154",155,0,0.985276347300504,1,1.46180294002165,1.33275240988633
"3107",155,0.894892962649465,0.985276347300504,1,0.381784544815317,2.36665201576398
"787",155,0.717938785906881,0.985276347300504,1,0.851048706054302,1.58695851502343
"859",155,0.465637122746557,0.985276347300504,1,1.0077810672395,1.14334162219202
"1155",156,0,0.873521988747036,1,1.13621560131586,0.882204126110699
"788",156,0.521599201019853,0.873521988747036,1,1.3332075246914,1.02393598708365
"1156",157,0,1.14007383131534,1,2.04226347847016,1.60146332919192
"2108",157,0.260802214033902,1.14007383131534,1,2.19421521332096,1.65825288845395
"3108",157,0.948945363983512,1.14007383131534,1,2.74081931141383,1.19207566623271
"4117",157,0.47129173297435,1.14007383131534,1,2.3453564052244,1.79967676626384
"1157",158,0,3.46131997450823,1,-0.333263915270214,-0.109338943521948
"2109",158,1.74379282910377,3.46131997450823,1,0.214631070645147,-0.72737292109101
"3109",158,1.16775797773153,3.46131997450823,1,0.143583281102388,-0.970436876992913
"4118",158,1.33428068831563,3.46131997450823,1,0.496828740306202,0.171200151855174
"5125",158,0.829045616090298,3.46131997450823,1,0.309214024925808,-0.642946441192878
"6106",158,0.45325960451737,3.46131997450823,1,-0.304913966754109,-0.0385425108592729
"789",158,1.8325439253822,3.46131997450823,1,0.207681639384039,-0.72980357265031
"1158",159,0,2.81254033513833,0,-0.786595491089128,-0.55596331693264
"2110",159,0.511966712772846,2.81254033513833,0,-1.06988853647588,-0.961113224780107
"3110",159,1.11393089871854,2.81254033513833,0,-0.896664821824449,-0.377121290348954
"4119",159,1.33190396986902,2.81254033513833,0,-1.87994712757088,-0.440912588324889
"5126",159,1.05347629543394,2.81254033513833,0,-2.06735343487384,-0.0808723135010803
"6107",159,0.788190710823983,2.81254033513833,0,-1.36349170877143,-0.741947171240102
"790",159,0.568191379308701,2.81254033513833,0,-1.03745458735189,-1.26480418166249
"860",159,1.49506161920726,2.81254033513833,0,-1.73254626591149,-0.34844213466844
"1159",160,0,4.06190228996738,1,1.26450779367614,1.75922737290186
"2111",160,0.767789187841117,4.06190228996738,1,0.742627887874182,0.947408973117159
"3111",160,0.573581863194704,4.06190228996738,1,0.929884735547732,1.50846592318177
"4120",160,0.266470305621624,4.06190228996738,1,0.742421090034372,1.3859247483435
"5127",160,0.8031772444956,4.06190228996738,1,0.793115235539044,1.29638856725539
"6108",160,1.2889945874922,4.06190228996738,1,1.31098327334561,0.665790219276333
"791",160,0.724629600532353,4.06190228996738,1,0.921541739419708,1.18180203777219
"861",160,0.235075182281435,4.06190228996738,1,1.19791448895624,1.21455292844489
"1160",161,0,4.82835324099287,0,-1.60105561866502,-1.32037528280492
"2112",161,0.969714918639511,4.82835324099287,0,-2.11735704005909,-1.35679791156431
"3112",161,1.50735424738377,4.82835324099287,0,-1.50153549434977,-1.04714520487908
"4121",161,1.19873234117404,4.82835324099287,0,-1.33953403731005,-1.24539016391832
"5128",161,1.48066728003323,4.82835324099287,0,-1.61728406048579,-1.28329596903898
"6109",161,0.245093706063926,4.82835324099287,0,-1.19936508440457,-0.781841313189597
"792",161,0.575804095249623,4.82835324099287,0,-1.66489344555969,-0.587532592516409
"862",161,1.68986292928457,4.82835324099287,0,-1.48100634978847,-1.02169339318058
"1161",162,0,1.15045540869008,1,1.14405201460403,0.98160433954537
"2113",162,0.861526911146939,1.15045540869008,1,1.09567179960841,1.02712954823582
"3113",162,0.973760433495045,1.15045540869008,1,0.533152133586482,1.35684382965387
"4122",162,0.354155176319182,1.15045540869008,1,0.90263047591922,0.989814523366232
"863",162,0.189523335546255,1.15045540869008,1,1.01881079212617,1.15542552751145
"1162",163,0,0.915323717818223,1,1.75654602907894,1.26666488390541
"5129",163,0.154514181893319,0.915323717818223,1,2.14541834311837,1.02087020182419
"915",163,0.438293000217527,0.915323717818223,1,2.23789230446514,1.27824705734717
"1163",164,0,1.65900027716304,1,-0.804422566879053,0.342002749911435
"2114",164,0.42713551223278,1.65900027716304,1,-0.206417034809562,1.06557892300581
"4123",164,0.715769679285586,1.65900027716304,1,0.430821995549445,0.788903181889841
"5130",164,0.880171630531549,1.65900027716304,1,-0.702824074909897,0.615400566480195
"6110",164,0.659023594111204,1.65900027716304,1,0.137986203697207,0.975046550202404
"793",164,1.19702097121626,1.65900027716304,1,0.710198636296473,1.37804319963109
"1164",165,0,1.67356044789776,0,0.612889895303025,-0.625825766102387
"4124",165,0.0304116066545248,1.67356044789776,0,0.818255367971344,-0.697235508438813
"5131",165,1.14022172661498,1.67356044789776,0,0.351846279119584,-0.976657483921751
"6111",165,1.33621038496494,1.67356044789776,0,0.884579337987979,-0.520629543913072
"1165",166,0,1.22959192572469,1,0.364328231164444,1.68591914636415
"2115",166,0.170613267458975,1.22959192572469,1,0.685093787613302,1.83928052043173
"3114",166,0.798642445355654,1.22959192572469,1,1.11304298780647,1.0930265008732
"4125",166,1.20421668794006,1.22959192572469,1,1.47311518779844,0.856978720548767
"5132",166,0.46115015167743,1.22959192572469,1,0.144100260220802,1.54339787337103
"6112",166,0.924131493084133,1.22959192572469,1,0.914081672947919,1.48353249295312
"864",166,0.198491696733981,1.22959192572469,1,0.713167639993616,1.49552834863788
"1166",167,0,3.55153416334651,0,-1.09961258417269,0.207654775875016
"2116",167,1.36781197134405,3.55153416334651,0,-2.01532012911542,-0.287489967873634
"3115",167,1.42872299905866,3.55153416334651,0,-0.937678234956961,-0.435636792339487
"4126",167,1.20206593349576,3.55153416334651,0,-1.47238027964212,0.051147278593439
"5133",167,1.93983522197232,3.55153416334651,0,-1.66067448227382,-0.737393264214456
"6113",167,1.25533903623,3.55153416334651,0,-1.87377759011361,-0.103536944300243
"794",167,1.23313339427114,3.55153416334651,0,-1.47869060726992,0.247697839921814
"1167",168,0,0.682338534330018,1,1.01923328769433,1.08389978436537
"3116",168,0.281372860539705,0.682338534330018,1,1.93736678358935,0.889668048929642
"5134",168,0.211815733928233,0.682338534330018,1,1.83225887701579,1.08007373046781
"1168",169,0,0.579953426992218,1,2.32471888125469,1.84728577334186
"2117",169,1.44960358738899e-06,0.579953426992218,1,1.38469020064582,1.5551371438422
"1169",170,0,2.41758697278409,1,-0.231802204828692,0.246461152707764
"2118",170,0.244391132611781,2.41758697278409,1,0.618304489929298,0.37839010220582
"3117",170,1.2717325319536,2.41758697278409,1,0.348904178012264,0.797243955394907
"4127",170,1.67975770821795,2.41758697278409,1,-0.437342855394436,1.55586310355984
"5135",170,1.81935087870806,2.41758697278409,1,-0.888791446853667,0.900423095516423
"6114",170,1.16688664956018,2.41758697278409,1,-0.0518231234463567,0.965976516365232
"795",170,0.297396140638739,2.41758697278409,1,0.0717861753718371,0.0626339026306584
"865",170,0.262115174438804,2.41758697278409,1,0.757257688415775,-0.0909341296856998
"1170",171,0,1.86307525784813,1,0.356730816963294,1.87537821495767
"2119",171,1.47755423281342,1.86307525784813,1,0.756344412704524,0.844999348358431
"3118",171,1.56623691832647,1.86307525784813,1,1.58632690704983,1.34976591115614
"4128",171,1.32566845277324,1.86307525784813,1,1.37690411061273,0.863859080556136
"5136",171,1.43447620840743,1.86307525784813,1,1.84693863947808,0.741959340352164
"6115",171,1.20208919327706,1.86307525784813,1,1.07912124321443,0.704663101622541
"796",171,0.830588431097567,1.86307525784813,1,1.05815992106746,0.880772645455306
"866",171,1.18578602746129,1.86307525784813,1,1.05000511275814,1.28899183295297
"916",171,0.677516450639814,1.86307525784813,1,0.62919733792134,1.03677766283218
"1171",172,0,1.75672390062679,1,-0.60046356047577,1.14560531124203
"2120",172,0.993413220625371,1.75672390062679,1,-0.213563167856479,0.864077290466513
"3119",172,0.662334400229156,1.75672390062679,1,-0.640068057342712,1.03079270055741
"4129",172,0.230879743117839,1.75672390062679,1,-1.17401752279261,1.24862309251774
"5137",172,0.12038056505844,1.75672390062679,1,-0.917057376218463,0.602079166986704
"797",172,0.455983492080122,1.75672390062679,1,-0.662397124966549,1.50949385147597
"1172",173,0,1.75663519230492,1,0.660383676896241,0.146510672610091
"2121",173,1.08234604541212,1.75663519230492,1,0.935533234664828,0.195337744790712
"4130",173,1.46494997479022,1.75663519230492,1,1.30447630924975,0.553777634809349
"5138",173,0.0945016192272305,1.75663519230492,1,1.00667629668403,0.488367590645447
"6116",173,1.61366039793938,1.75663519230492,1,0.964834349273669,-0.041334469429322
"798",173,1.20172044076025,1.75663519230492,1,0.497774861202128,0.0752647716417288
"867",173,1.5182994492352,1.75663519230492,1,1.13819925384781,-0.123812374625091
"1173",174,0,1.85928632351453,1,0.694584790217675,0.498884615698003
"2122",174,0.785513403825462,1.85928632351453,1,1.05809291598901,1.65950212057025
"3120",174,1.09210168709978,1.85928632351453,1,0.804102927355374,1.90893194861243
"4131",174,0.0835349392145872,1.85928632351453,1,0.145332666121732,0.421436207566633
"5139",174,0.524757175706327,1.85928632351453,1,0.197364943000526,1.21093838817603
"6117",174,1.50983818573877,1.85928632351453,1,0.656749046688615,1.65245294634681
"799",174,0.104420006275177,1.85928632351453,1,0.449791189056655,1.3309914939619
"868",174,0.525546637363732,1.85928632351453,1,0.677444194176719,0.92216095033607
"1174",175,0,3.05848031740496,1,-0.817909534928198,0.0760006220262927
"2123",175,0.795592799782753,3.05848031740496,1,-1.28379081766029,-0.649546884748886
"3121",175,1.65649467008188,3.05848031740496,1,-0.974256519084896,-0.586804232387577
"4132",175,0.738191738259047,3.05848031740496,1,-1.76219106017776,-0.521425575182216
"5140",175,0.294285251758993,3.05848031740496,1,-1.18456268187877,-0.279440768150736
"6118",175,1.58443676540628,3.05848031740496,1,-1.97876411262897,-0.395287904103363
"7100",175,0.755513404496014,3.05848031740496,1,-1.24639191141451,-0.289388445328039
"1175",176,0,4.4701488543069,0,0.0607815329935203,-0.549141281019465
"2124",176,1.0981337511912,4.4701488543069,0,-0.957823299018499,-0.787762976478495
"3122",176,1.71065393975005,4.4701488543069,0,-0.966058268573685,-0.884982984872299
"4133",176,1.50880460441113,4.4701488543069,0,-0.58630223154028,-0.996551632211348
"5141",176,0.604454628191888,4.4701488543069,0,-0.481331565559337,-0.867768078748942
"6119",176,0.311711695976555,4.4701488543069,0,0.128601384483155,-0.55852794236726
"7101",176,0.723199869506061,4.4701488543069,0,-0.517130672386892,-0.371524381431346
"1176",177,0,0.748730722754356,1,0.785563610315436,2.39711079950084
"2125",177,0.217694169376045,0.748730722754356,1,1.25735954483181,2.75657553616856
"4134",177,0.447577788960189,0.748730722754356,1,1.17465252474486,3.11835007666545
"1177",178,0,1.79545452119652,1,0.151098882256847,0.657090024041051
"2126",178,1.7349069211632,1.79545452119652,1,-0.326320666233464,0.4544121800606
"3123",178,0.337609203066677,1.79545452119652,1,0.683816808963182,1.15584210525386
"4135",178,0.566471874713898,1.79545452119652,1,-0.681088692615153,0.689526298808725
"5142",178,0.808459719177336,1.79545452119652,1,-0.0250802673215282,0.472590756505609
"7102",178,1.03813223680481,1.79545452119652,1,-0.245130329500968,0.565080508222434
"1178",179,0,1.28499040068127,0,0.570507461259224,0.339668118677635
"2127",179,0.457585451658815,1.28499040068127,0,0.558434938794948,0.676267848752035
"3124",179,0.71187488315627,1.28499040068127,0,0.494395966090631,0.917853143263323
"7103",179,0.93474016757682,1.28499040068127,0,0.346395902947865,0.452558118568431
"1179",180,0,1.26900103136431,0,-0.252035421390894,0.231265091463871
"2128",180,0.151342704892159,1.26900103136431,0,0.100575712859459,0.602613875773496
"3125",180,1.2255399771966,1.26900103136431,0,-0.0769697142684256,-0.404125859317107
"4136",180,1.25143267353997,1.26900103136431,0,0.018958750092584,0.325372129922499
"5143",180,1.26005302648991,1.26900103136431,0,-1.25533678033445,-0.219308241570501
"6120",180,0.217415339313447,1.26900103136431,0,-0.213451508977092,-0.381914160744293
"7104",180,0.202696695458144,1.26900103136431,0,-0.279183426947775,-0.0273208718076165
"869",180,0.837127036880702,1.26900103136431,0,-0.41290917313142,-0.395850258957169
"1180",181,0,1.43180591666605,0,0.406244160553631,-0.307464900283233
"2129",181,1.23631748417392,1.43180591666605,0,-0.609268618388637,-0.498537408743659
"3126",181,1.27630041679367,1.43180591666605,0,-0.208286710957904,-0.621707503492379
"4137",181,1.04148613940924,1.43180591666605,0,-0.366635394451849,-0.813861165527339
"6121",181,1.10494412621483,1.43180591666605,0,0.0457055500718173,-0.125389240975839
"7105",181,0.286925861146301,1.43180591666605,0,-0.167242941790578,0.42400330061356
"1181",182,0,0.665108758681058,1,0.893070921117451,1.45554843340483
"3127",182,0.449182486627251,0.665108758681058,1,1.21452760185115,1.86754821133536
"4138",182,0.0241979579441249,0.665108758681058,1,1.21087635389419,1.93217107563185
"6122",182,0.0202398025430739,0.665108758681058,1,1.46012302195934,1.71513264564534
"1182",183,0,1.63614260087628,1,0.617813209930041,0.0929031415145378
"2130",183,1.31404192885384,1.63614260087628,1,0.0586077245422557,0.681881075610971
"3128",183,1.49970506550744,1.63614260087628,1,0.517868933650448,1.37406738804256
"6123",183,0.106723499018699,1.63614260087628,1,0.856675896687917,0.653721756956563
"7106",183,0.0406679068692029,1.63614260087628,1,-0.264385449806767,1.18458163311971
"1183",184,0,1.57850718341006,1,0.417099407251189,0.267316343984747
"2131",184,1.34684191457927,1.57850718341006,1,1.83278286609372,0.167451908742002
"4139",184,0.782466457225382,1.57850718341006,1,1.21754668103158,0.588812138739938
"5144",184,0.879969285801053,1.57850718341006,1,1.80924929942047,0.912721549662932
"6124",184,0.135143045336008,1.57850718341006,1,0.640008145506343,0.246638589111204
"870",184,0.218669834081084,1.57850718341006,1,1.17060668884623,0.738773540786418
"1184",185,0,1.65567985670029,1,0.526239023588236,0.233271311976613
"2132",185,1.05451199505478,1.65567985670029,1,0.0979073003160995,0.396492657063604
"3129",185,0.127759456634521,1.65567985670029,1,0.490585181486798,-0.107662595830085
"4140",185,1.59331924188882,1.65567985670029,1,0.489431920750819,0.138570252366564
"5145",185,0.639973856043071,1.65567985670029,1,-0.798400589665691,0.706071292938334
"7107",185,0.917841970454901,1.65567985670029,1,-0.408344705297262,0.303791314980548
"1185",186,0,4.48469720225209,1,-0.400113675979869,-0.973361583235452
"2133",186,1.32423420250416,4.48469720225209,1,0.409785547874927,-0.131000395073807
"3130",186,1.41745949396864,4.48469720225209,1,0.391581618775965,-0.132481957310734
"4141",186,1.54525216342881,4.48469720225209,1,0.365947328240083,-0.61870952753184
"5146",186,0.856245110742748,4.48469720225209,1,0.363017438289983,-0.863939390345338
"6125",186,1.65861828206107,4.48469720225209,1,0.22653306368912,-0.276970215022547
"7108",186,0.389522828161716,4.48469720225209,1,0.291304363679952,-0.985089929004075
"1186",187,0,1.91727135563269,0,-0.542761563440241,0.552884461328173
"2134",187,0.667966168839484,1.91727135563269,0,-0.625635181171571,-0.048466316980747
"3131",187,0.0499536199495196,1.91727135563269,0,-0.519494136440725,0.753524663503726
"4142",187,0.562871695030481,1.91727135563269,0,-1.10440358298564,0.929619079990672
"5147",187,0.580740510951728,1.91727135563269,0,-0.67115964539176,0.648087082287893
"1187",188,0,2.75299130948,1,0.617815956137938,1.00134646746241
"2135",188,1.48504873039201,2.75299130948,1,0.154397802218744,0.0509839048846212
"3132",188,0.632348717190325,2.75299130948,1,0.844629888111971,0.499822167172077
"4143",188,0.872706194408238,2.75299130948,1,0.574668609525363,0.80035750076729
"5148",188,1.287881876342,2.75299130948,1,0.665892459067152,0.154276486314672
"6126",188,0.842680301517248,2.75299130948,1,0.579759635099805,0.44487408341182
"7109",188,0.12163555668667,2.75299130948,1,0.572118136079958,0.487899193944338
"871",188,1.06991351116449,2.75299130948,1,0.67864706434063,0.186131497684466
"917",188,1.56646088231355,2.75299130948,1,0.543043743569496,0.254751694234726
"1188",189,0,1.46586863696168,1,0.332192213649491,1.1207114551256
"2136",189,1.46575238415971,1.46586863696168,1,0.56148593072641,0.868224454567159
"4144",189,1.09978724597022,1.46586863696168,1,0.00920877056121955,1.50951312670649
"5149",189,0.228294022381306,1.46586863696168,1,0.294562227338413,1.39974498167108
"6127",189,0.872738909907639,1.46586863696168,1,0.446481098894087,1.03031964558073
"872",189,0.481816804967821,1.46586863696168,1,0.276648995476819,1.70723217785228
"1189",190,0,1.3249832864082,1,-0.848352099366374,1.40267121013501
"3133",190,1.18226275406778,1.3249832864082,1,-0.760244011579929,1.45037870274584
"4145",190,1.03654487337917,1.3249832864082,1,-0.640994143497589,1.48487260810439
"5150",190,0.391726749949157,1.3249832864082,1,-0.39010343027621,1.39090763070669
"918",190,0.860541181638837,1.3249832864082,1,-0.815928812691827,1.31530109267031
"1190",191,0,1.26954668714139,1,1.63263066017491,1.1989088561819
"2137",191,0.0260646590031683,1.26954668714139,1,0.852663512834345,1.21576425033954
"4146",191,0.899538996163756,1.26954668714139,1,1.22003924659654,1.63311976284586
"6128",191,1.21814435347915,1.26954668714139,1,1.14527316084848,1.39102771750049
"1191",192,0,1.60354574560339,1,0.556429251419592,0.067704325400401
"2138",192,0.684016714803874,1.60354574560339,1,0.963553966294024,-0.296318595773053
"4147",192,0.934122329577804,1.60354574560339,1,1.29048684637387,0.335890227540744
"5151",192,0.143297382630408,1.60354574560339,1,0.439623305738836,0.0593599215490006
"6129",192,0.624106149189174,1.60354574560339,1,1.32585350993398,0.0124850339745995
"7110",192,0.406464789994061,1.60354574560339,1,1.03023839017731,-0.193613661823159
"873",192,0.171366900205612,1.60354574560339,1,0.980892241045275,-0.273225931117612
"1192",193,0,0.566064305712376,1,1.05757742721614,1.09935811562852
"5152",193,0.376402631867677,0.566064305712376,1,0.993086137760036,1.54474018444967
"874",193,0.3306356058456,0.566064305712376,1,1.07311919448151,1.38132338346961
"1193",194,0,0.85239535052632,1,0.72602760431112,1.92739956513303
"2139",194,0.286228816956282,0.85239535052632,1,0.412599668650496,2.56852706224122
"3134",194,0.0274644256569445,0.85239535052632,1,0.267204693837952,2.36507005619176
"4148",194,0.276210480835289,0.85239535052632,1,0.327076872118471,1.68156120866867
"6130",194,0.756798486225307,0.85239535052632,1,0.123306641305741,1.98336620410744
"1194",195,0,3.54733954274561,0,0.874452056360658,0.00497270869207063
"2140",195,0.351830375846475,3.54733954274561,0,0.414518184554401,-0.288990141416007
"3135",195,0.544658184051514,3.54733954274561,0,0.161181087487963,0.00192766633321073
"4149",195,0.662391712423414,3.54733954274561,0,-0.00180521461189148,0.146200332648659
"5153",195,1.67478011595085,3.54733954274561,0,-0.351347712564023,-0.274351943842926
"6131",195,0.867291936185211,3.54733954274561,0,0.172395917960244,0.409467245629929
"7111",195,0.324692660011351,3.54733954274561,0,0.826091821353557,-0.0249123836766055
"875",195,1.50412935018539,3.54733954274561,0,0.290342568769015,-0.382703028758166
"919",195,1.7164644994773,3.54733954274561,0,-0.397965472799056,-0.699584431046421
"1195",196,0,2.76589008150622,0,0.14553214094089,1.2314665852024
"2141",196,0.151253889780492,2.76589008150622,0,0.2875083059584,1.80828654492893
"3136",196,1.00068641547114,2.76589008150622,0,-0.353795513701782,0.97893551900699
"4150",196,1.57888094475493,2.76589008150622,0,0.0859028447539936,0.277255955863768
"5154",196,1.96762431459501,2.76589008150622,0,-1.02340926907223,0.186864057597937
"6132",196,1.34568746574223,2.76589008150622,0,-0.381530841117911,0.707306927518524
"7112",196,0.952843494247645,2.76589008150622,0,-0.5529480716879,0.676462484551194
"1196",197,0,0.969092641504156,1,1.77679775514454,1.60117232098959
"2142",197,0.74209241149947,0.969092641504156,1,2.34117107054098,1.34216158283111
"3137",197,0.415113477502018,0.969092641504156,1,2.43000090107214,1.08677408631773
"4151",197,0.46299202600494,0.969092641504156,1,2.03700389920817,0.885337902968257
"1197",198,0,3.44794646049684,1,0.348459603422188,1.115830073691
"2143",198,1.7546881265007,3.44794646049684,1,0.441404025976477,0.223615437086863
"3138",198,1.69127493677661,3.44794646049684,1,0.594423453547975,0.883539934438472
"4152",198,1.93135261675343,3.44794646049684,1,0.540213801152053,0.148008711958264
"5155",198,1.42401854321361,3.44794646049684,1,0.596186023528434,0.466334392771602
"6133",198,1.51480549154803,3.44794646049684,1,0.0680859986436774,0.682925625836697
"7113",198,0.166585109662265,3.44794646049684,1,1.38509325732483,0.41940997965851
"876",198,1.36059052264318,3.44794646049684,1,0.464475712836803,0.231082113291793
"920",198,1.73098402563483,3.44794646049684,1,0.82871986246146,0.0291590367084067
"1198",199,0,3.94505290484522,0,0.626958969200449,0.510586514096838
"2144",199,1.25694467453286,3.94505290484522,0,0.17812793165846,-0.665335361281401
"3139",199,0.421520405914634,3.94505290484522,0,0.757623579558704,0.740461303633332
"4153",199,0.196043762844056,3.94505290484522,0,0.730384617838935,0.108781679369792
"5156",199,1.70839924644679,3.94505290484522,0,-0.297801296583437,-0.141055644816935
"6134",199,0.04349196376279,3.94505290484522,0,1.05872152390697,-0.149600997233079
"7114",199,0.755456292070448,3.94505290484522,0,0.557355115284323,-0.379897728527692
"1199",200,0,3.70465903062373,1,-0.43428741253701,-0.647327559829652
"2145",200,0.699198798742145,3.70465903062373,1,-0.0363595301127204,-1.01101599840756
"3140",200,1.67080064490438,3.70465903062373,1,-0.19032814833225,-1.20448771728618
"4154",200,1.18508496740833,3.70465903062373,1,-0.263253022354277,-2.00299809484425
"5157",200,0.449141253717244,3.70465903062373,1,-0.587129239620658,-0.691797895521644
"6135",200,1.67185210902244,3.70465903062373,1,-0.378504150792845,-1.42799750622586
"7115",200,0.0127368858084083,3.70465903062373,1,-0.0203252058729803,-0.726707566938588
"877",200,1.79146553436294,3.70465903062373,1,0.0183138593933859,-1.68969143168284
"921",200,0.286588545423001,3.70465903062373,1,-0.316907722856689,-0.935202105451451
