"obs_id","vtime","Y","delta","Y1","Y2"
"1",1,0,2.52647923199907,1,1.0148405856482,0.383248932592973
"2",1,0.5,2.52647923199907,1,0.703878660965641,0.689235286875421
"3",1,1,2.52647923199907,1,1.16818269880248,0.705460551455396
"4",1,1.25,2.52647923199907,1,0.46778941218815,0.141422631089205
"5",1,1.75,2.52647923199907,1,1.04827921892317,0.257870253664103
"6",1,2,2.52647923199907,1,0.989806338104684,0.480746180637778
"7",2,0,2.59817262151765,1,-0.301799303721701,-0.0812840858432643
"8",2,0.25,2.59817262151765,1,-0.21798179762728,-0.0318915534771099
"9",2,0.5,2.59817262151765,1,-0.994086461485271,-0.672109916053655
"10",2,0.75,2.59817262151765,1,-0.181833508749916,-0.575953636645111
"11",2,1,2.59817262151765,1,-0.61653314632747,-0.758489513049188
"12",2,1.25,2.59817262151765,1,-0.328573032520048,-0.882592727667209
"13",2,1.5,2.59817262151765,1,-0.684724548784368,-0.79978029907926
"14",2,2,2.59817262151765,1,-0.0548456826643684,-1.2624405906457
"15",3,0,4.40111376571509,1,-1.37996254262851,-0.0615619721558854
"16",3,0.25,4.40111376571509,1,-1.27736573293321,-0.269633459027638
"17",3,0.5,4.40111376571509,1,-1.12361942582782,-0.437575681573684
"18",3,0.75,4.40111376571509,1,-1.4286997881322,0.153176823182817
"19",3,1,4.40111376571509,1,-1.20946189924321,0.205948546328153
"20",3,1.25,4.40111376571509,1,-0.80744469855614,0.158194048939708
"21",3,1.5,4.40111376571509,1,-1.46600324115826,-0.288547618567951
"22",3,1.75,4.40111376571509,1,-1.45176031423433,-0.287755986931161
"23",3,2,4.40111376571509,1,-1.06835497836849,-0.56881836243472
"24",4,0,1.66631934315406,1,-0.363796834132924,0.953516973932403
"25",4,0.25,1.66631934315406,1,-0.575029625685781,0.836057243783265
"26",4,0.5,1.66631934315406,1,-0.703619231112246,0.568637151842857
"27",4,1,1.66631934315406,1,-0.751984841974913,1.02701313608311
"28",4,1.25,1.66631934315406,1,-0.869855178604608,1.30525259602842
"29",4,1.5,1.66631934315406,1,-1.02210223644445,1.16330473743929
"30",5,0,6.27180357850157,0,0.660074963484446,0.0891170822215795
"31",5,0.25,6.27180357850157,0,0.468546756822873,-0.233301142224916
"32",5,0.5,6.27180357850157,0,0.10099871670985,-0.469783168897453
"33",5,1,6.27180357850157,0,1.00942429498099,-0.206042293721036
"34",5,1.25,6.27180357850157,0,0.494183783878978,-0.407859742148098
"35",5,1.5,6.27180357850157,0,0.778321282993285,-0.447824683993635
"36",5,1.75,6.27180357850157,0,0.631236269195479,-0.745115483731302
"37",5,2,6.27180357850157,0,0.590241351998817,-0.305195857882384
"38",6,0,4.49818775225831,1,-1.02488906913929,1.54152571026595
"39",6,0.25,4.49818775225831,1,-1.10686248902268,1.29172824928131
"40",6,0.75,4.49818775225831,1,-1.10478412424496,1.01524835270622
"41",6,1.25,4.49818775225831,1,-1.03530815923915,0.04412345471188
"42",6,1.5,4.49818775225831,1,-1.64615391075928,0.193511912476598
"43",6,1.75,4.49818775225831,1,-2.27341711669414,0.324680241588096
"44",6,2,4.49818775225831,1,-1.87415418020675,0.444762857689029
"45",7,0,4.56391002759396,1,-0.128077100112721,-0.335149976325837
"46",7,0.25,4.56391002759396,1,-0.0829021043255606,0.0921466052025649
"47",7,0.5,4.56391002759396,1,-0.158423543158142,-0.476366451191147
"48",7,0.75,4.56391002759396,1,-0.297948611722143,-0.460078142230429
"49",7,1,4.56391002759396,1,-0.688731385672816,-0.696703561871161
"50",7,1.25,4.56391002759396,1,-0.690926685322473,-0.320589865668553
"51",7,1.5,4.56391002759396,1,0.134718094331867,-0.609922650337804
"52",7,1.75,4.56391002759396,1,-0.348460091106895,-0.749585907489
"53",7,2,4.56391002759396,1,-0.296257885239091,-1.02529808863898
"54",8,0,0.685383266219124,1,0.216020427236691,2.59755354406053
"55",8,0.25,0.685383266219124,1,0.93451221765081,1.8279692784555
"56",8,0.5,0.685383266219124,1,0.799169484162819,1.75013250124778
"57",9,0,3.91863464534208,1,-0.850500582117943,0.400848628681769
"58",9,0.25,3.91863464534208,1,-1.19521181182213,1.12493883447077
"59",9,0.75,3.91863464534208,1,-1.04894133724187,0.135007431206833
"60",9,1,3.91863464534208,1,-1.30634114472473,0.826584587028846
"61",9,1.25,3.91863464534208,1,-1.19259889525908,-0.42777885262577
"62",9,1.5,3.91863464534208,1,-1.53372703684284,0.087323939798555
"63",9,1.75,3.91863464534208,1,-1.18656999694212,0.517588999798447
"64",9,2,3.91863464534208,1,-1.98869160924514,-0.262002254438128
"65",10,0,6.59869763024617,0,1.10379169015942,-0.277500177080089
"66",10,0.25,6.59869763024617,0,0.632000197372339,-0.160662801249306
"67",10,0.5,6.59869763024617,0,0.203537717826575,-0.274104108658568
"68",10,1,6.59869763024617,0,0.242514914065228,-0.37876037578638
"69",10,1.5,6.59869763024617,0,0.699039494650027,-0.537840689033462
"70",10,1.75,6.59869763024617,0,-0.0289649018441489,-0.741812350572748
"71",10,2,6.59869763024617,0,0.526049043391162,-0.317793039934268
"72",11,0,6.86515114014037,0,-0.705596669595204,0.354776198199602
"73",11,0.25,6.86515114014037,0,-0.696226278702921,0.067200276307365
"74",11,0.5,6.86515114014037,0,-0.494118290795928,-0.496257555494961
"75",11,0.75,6.86515114014037,0,-0.293758809688462,-0.374236672958082
"76",11,1,6.86515114014037,0,-0.43538517834997,-0.0287847482949123
"77",11,1.25,6.86515114014037,0,-0.585327057519669,-0.904179330493818
"78",11,1.5,6.86515114014037,0,-0.560889814929801,-0.227134671197782
"79",11,1.75,6.86515114014037,0,-0.990876138721758,-0.687881419706939
"80",11,2,6.86515114014037,0,-0.839588095486289,-1.06277487880791
"81",12,0,1.5265020886508,1,1.79727778166578,0.986920715494683
"82",12,0.5,1.5265020886508,1,1.81762629492867,0.442047044327019
"83",12,0.75,1.5265020886508,1,1.46890535230644,0.734986046608334
"84",12,1,1.5265020886508,1,1.21063920953278,0.595450980589948
"85",13,0,4.88095145642608,1,-0.584916302307337,0.0161683941454992
"86",13,0.25,4.88095145642608,1,-1.02663635306663,-0.0507173461127212
"87",13,0.5,4.88095145642608,1,-1.29943269939563,-0.56661906745148
"88",13,0.75,4.88095145642608,1,-0.539699231577951,-0.356554483467782
"89",13,1,4.88095145642608,1,-1.05666678714278,0.000517589275613989
"90",13,1.25,4.88095145642608,1,-0.967392246557436,-0.313592569273552
"91",13,1.5,4.88095145642608,1,-0.762608271546184,-0.0500986471653201
"92",13,1.75,4.88095145642608,1,-0.629394352576363,-0.00646731649645194
"93",13,2,4.88095145642608,1,-1.18307923067664,-0.291158642602075
"94",14,0,1.61611537792289,1,0.52873935327524,1.56930773275762
"95",14,0.25,1.61611537792289,1,0.468813058857308,1.73627079908213
"96",14,0.5,1.61611537792289,1,0.467216377429631,1.71167596719992
"97",14,0.75,1.61611537792289,1,0.991980502102413,1.72811999120398
"98",14,1.25,1.61611537792289,1,0.668773857966122,1.67185912458276
"99",14,1.5,1.61611537792289,1,0.757953506064126,2.20087258414242
"100",15,0,1.69253543057775,1,-0.470092066956056,0.139859713368309
"101",15,0.25,1.69253543057775,1,0.045328137796999,0.0969819055320584
"102",15,0.5,1.69253543057775,1,-0.176973364815027,0.0439235737677798
"103",15,0.75,1.69253543057775,1,-0.0316485760599926,0.678264422048928
"104",15,1,1.69253543057775,1,0.200759141457212,0.851974971323163
"105",15,1.5,1.69253543057775,1,0.264878417461025,1.62558700733848
"106",16,0,2.3907931280318,1,-0.241575887331803,1.11295711636807
"107",16,0.5,2.3907931280318,1,-0.183064975777993,1.01644363135236
"108",16,0.75,2.3907931280318,1,-0.75058283311624,1.28103643110611
"109",16,1.25,2.3907931280318,1,-0.297249492956534,0.839899148993026
"110",16,1.5,2.3907931280318,1,-0.373966728312382,0.81786090420603
"111",16,1.75,2.3907931280318,1,-0.521856512743782,0.939176522311754
"112",16,2,2.3907931280318,1,-0.159869462926586,1.26509864407445
"113",17,0,0.886659436272807,1,0.610020084030351,0.0808620759615816
"114",17,0.25,0.886659436272807,1,0.864012796676469,0.381816748950381
"115",17,0.5,0.886659436272807,1,0.967375655189917,0.488495072606875
"116",18,0,0.828951944735996,1,0.354218420336116,0.0264898616201011
"117",18,0.25,0.828951944735996,1,1.03079533647724,1.04922708719788
"118",18,0.5,0.828951944735996,1,0.745259752082236,0.758946536713017
"119",19,0,1.42365526018047,1,-0.122738237012583,2.0848339525908
"120",19,0.25,1.42365526018047,1,0.339662500697908,1.64227353723096
"121",19,0.5,1.42365526018047,1,0.186593495914448,1.74127920656656
"122",19,0.75,1.42365526018047,1,0.0522735294605267,1.98261473040467
"123",19,1,1.42365526018047,1,-0.00202147828202894,1.40349477166382
"124",19,1.25,1.42365526018047,1,-0.323998266283821,1.49117531559531
"125",20,0,1.05245396686848,1,1.32806092346369,0.818952049506078
"126",20,0.25,1.05245396686848,1,1.9790574717704,1.38078417026965
"127",20,0.5,1.05245396686848,1,1.85462450028832,1.20782430436893
"128",20,1,1.05245396686848,1,1.83808939595351,0.897267899050487
"129",21,0,3.3820854398428,1,0.289694538618594,0.284919503337234
"130",21,0.5,3.3820854398428,1,0.641956804365033,-0.323959417980703
"131",21,0.75,3.3820854398428,1,0.555937153412973,-0.225322414955628
"132",21,1,3.3820854398428,1,0.611371058786132,-0.397573243043117
"133",21,1.25,3.3820854398428,1,0.381610466962441,-0.167681751762364
"134",21,1.5,3.3820854398428,1,0.716240391957459,-0.103178926057614
"135",21,1.75,3.3820854398428,1,0.823498975515293,0.0147801147430465
"136",22,0,6.19390053779511,1,0.769007155669815,0.61765454093666
"137",22,0.25,6.19390053779511,1,1.21404696481113,0.474919575022123
"138",22,1,6.19390053779511,1,0.764236932972411,-0.0962016084877178
"139",22,1.25,6.19390053779511,1,1.0745958323513,-0.176265669254829
"140",22,1.5,6.19390053779511,1,1.64276645881656,0.126363845557751
"141",22,1.75,6.19390053779511,1,1.89535866801991,-0.275752655924373
"142",22,2,6.19390053779511,1,0.936176911031155,-0.817831959499124
"143",23,0,0.676157913455926,1,0.611276977285381,0.195430211671698
"144",23,0.25,0.676157913455926,1,0.731984116182332,0.661583528717147
"145",23,0.5,0.676157913455926,1,0.905046748577707,0.623996777353349
"146",24,0,0.857894522413379,1,0.748832262479362,2.0247958585697
"147",24,0.25,0.857894522413379,1,1.08936391510215,1.63604419171903
"148",24,0.5,0.857894522413379,1,1.07936660423931,2.14328217569807
"149",25,0,7.02139053118881,0,-0.464887540407143,-0.0721361406934463
"150",25,0.25,7.02139053118881,0,-0.774346127781187,-0.0742401119124443
"151",25,0.5,7.02139053118881,0,-0.689869899797142,0.52314973555213
"152",25,0.75,7.02139053118881,0,-0.869983078227752,0.225871337085099
"153",25,1,7.02139053118881,0,-0.936955520753118,-0.322606935224283
"154",25,1.25,7.02139053118881,0,-1.20100038625241,-0.289617652771692
"155",25,1.5,7.02139053118881,0,-1.17800463825446,-0.151458498565833
"156",25,1.75,7.02139053118881,0,-0.898907634866101,-0.313708458675025
"157",25,2,7.02139053118881,0,-1.35768795563264,-1.13354757835359
"158",26,0,1.01527147868462,1,-1.03652210327417,1.4058107502346
"159",26,0.25,1.01527147868462,1,-0.915371860032968,1.34605149360779
"160",26,0.5,1.01527147868462,1,-0.198167975627238,1.28544589636549
"161",26,0.75,1.01527147868462,1,-0.879215340511041,2.05332223545764
"162",26,1,1.01527147868462,1,-0.277415284736446,2.17264491698754
"163",27,0,1.16957791964135,1,0.973946514237708,1.52856827534005
"164",27,0.5,1.16957791964135,1,1.53961537960346,1.23745904816552
"165",27,0.75,1.16957791964135,1,2.16317824387525,0.775666960712748
"166",27,1,1.16957791964135,1,2.29510522201267,1.38738332390841
"167",28,0,0.645790964045469,1,2.47997901768052,1.26395339714893
"168",28,0.25,0.645790964045469,1,2.31072419856017,1.52721659643728
"169",29,0,2.80955877109158,1,-0.0317003601992625,0.194631583689629
"170",29,0.25,2.80955877109158,1,-0.441955063191344,0.457489445930246
"171",29,0.75,2.80955877109158,1,-0.87389746503045,-0.10773102736843
"172",29,1.25,2.80955877109158,1,-0.681143384634663,-0.779989379221664
"173",29,1.5,2.80955877109158,1,-1.22257334846475,0.243475248460367
"174",29,1.75,2.80955877109158,1,-0.974770647020154,-0.861299526954527
"175",29,2,2.80955877109158,1,-0.674806412561886,-0.735805604201676
"176",30,0,1.18475490255249,1,1.42685782287207,1.56414828275179
"177",30,0.25,1.18475490255249,1,0.374468332854313,1.81228933902344
"178",30,0.5,1.18475490255249,1,1.16319365211063,2.16578042798934
"179",30,0.75,1.18475490255249,1,0.692804641342336,2.39002553286221
"180",30,1,1.18475490255249,1,0.879230769232237,1.93761008015361
"181",31,0,2.05297668363156,1,0.578127643516598,-0.0747343907303458
"182",31,0.5,2.05297668363156,1,0.659890969310274,0.130664512641241
"183",31,0.75,2.05297668363156,1,0.61093719338271,0.510064700963991
"184",31,1,2.05297668363156,1,0.710193731446762,0.576187590176773
"185",31,1.5,2.05297668363156,1,0.63459925266157,0.647848411415823
"186",31,1.75,2.05297668363156,1,1.23450524145363,1.50922607211182
"187",31,2,2.05297668363156,1,0.425760872000301,1.10447077928661
"188",32,0,0.394098033799464,1,1.10571448428853,1.99570091526881
"189",32,0.25,0.394098033799464,1,0.974792006210835,1.82421460751687
"190",33,0,0.609369966187421,1,1.79918091553038,1.60789037959928
"191",33,0.5,0.609369966187421,1,1.05689470424959,1.85634646360424
"192",34,0,2.47029081244736,1,-1.50978958876776,-0.153211573607778
"193",34,0.25,2.47029081244736,1,-0.846838831709736,0.780341659155964
"194",34,0.5,2.47029081244736,1,-1.02790126568088,-0.0820070081860046
"195",34,0.75,2.47029081244736,1,-1.0881779001779,-0.1881943083681
"196",34,1,2.47029081244736,1,-0.915705418233099,0.162246292681171
"197",34,1.5,2.47029081244736,1,-1.10312467666246,-0.252127696468663
"198",34,1.75,2.47029081244736,1,-1.01003554160221,-0.535584959979332
"199",34,2,2.47029081244736,1,-1.35266590114682,-0.331026151300341
"200",35,0,1.79823120453139,1,0.602954181223282,-1.03879089594798
"201",35,0.25,1.79823120453139,1,0.669457023008958,-0.416610321580476
"202",35,0.5,1.79823120453139,1,1.20775840910585,0.207720813921938
"203",35,0.75,1.79823120453139,1,1.28830506261916,-0.183746548054144
"204",35,1,1.79823120453139,1,2.19325078761523,-0.557881343537697
"205",35,1.25,1.79823120453139,1,1.0219195807334,-0.114642837910277
"206",35,1.75,1.79823120453139,1,1.96670079882481,0.101827016843014
"207",36,0,1.22950042422563,1,0.916121704523462,0.621891991016076
"208",36,0.25,1.22950042422563,1,1.37976540813493,1.22879842391355
"209",36,0.5,1.22950042422563,1,1.01591018922023,1.19510789442544
"210",36,1,1.22950042422563,1,1.24055953916468,2.08356084494042
"211",37,0,1.17660225337895,1,0.818479229981957,-0.396042080310903
"212",37,0.25,1.17660225337895,1,1.29145278048611,-0.732586778587885
"213",37,0.75,1.17660225337895,1,-0.324435035526393,-0.942818680068905
"214",37,1,1.17660225337895,1,0.28344285540937,-0.766628185241576
"215",38,0,0.926516598081542,1,2.23434193588281,1.85193125298857
"216",38,0.25,0.926516598081542,1,2.37538542847137,1.51499666199894
"217",38,0.5,0.926516598081542,1,2.83424571184589,1.86404774134815
"218",38,0.75,0.926516598081542,1,2.95116362656272,2.09837305719047
"219",39,0,0.899487116903975,1,1.03701293861057,1.45119739112507
"220",39,0.25,0.899487116903975,1,1.38564920190331,1.32161628578001
"221",39,0.5,0.899487116903975,1,1.14101022735917,2.15397360780319
"222",40,0,1.37986115751886,1,0.157549986724138,-0.260830652234151
"223",40,0.25,1.37986115751886,1,0.37022135902455,-0.114753936116274
"224",40,0.5,1.37986115751886,1,0.150060024815563,0.0369211344395502
"225",40,0.75,1.37986115751886,1,0.0422299751458955,-0.515762683045913
"226",40,1,1.37986115751886,1,0.10413125797393,0.0795968431299958
"227",40,1.25,1.37986115751886,1,-0.17267153511645,-0.0839445536977044
"228",41,0,0.944080984351947,1,0.564764902843252,2.79472432575583
"229",41,0.25,0.944080984351947,1,0.727381907176355,3.01377682894967
"230",41,0.5,0.944080984351947,1,0.625116863203598,3.10461337717745
"231",41,0.75,0.944080984351947,1,0.870026304895027,2.23862972205733
"232",42,0,6.22904456360266,0,-0.865456722949419,0.339311272547136
"233",42,0.25,6.22904456360266,0,-0.822055381789524,0.206549954243504
"234",42,0.5,6.22904456360266,0,-0.446217766104143,-0.250963941850472
"235",42,0.75,6.22904456360266,0,-1.17164829914674,-0.52137754490656
"236",42,1,6.22904456360266,0,-0.717065131606509,-0.197250928371995
"237",42,1.25,6.22904456360266,0,-0.595626712100159,-0.54463888598148
"238",42,2,6.22904456360266,0,-1.04189547038113,-1.29636585026054
"239",43,0,1.72009078464953,1,0.194994748818239,1.32875476712447
"240",43,0.5,1.72009078464953,1,0.394875324227589,1.09735059835428
"241",43,0.75,1.72009078464953,1,-0.0544072812256652,1.57135139314952
"242",43,1,1.72009078464953,1,0.482947641255932,1.50911376969141
"243",43,1.5,1.72009078464953,1,0.494220936915383,1.48193312373137
"244",44,0,1.48529925297063,1,0.974128295165197,2.15906188736652
"245",44,0.25,1.48529925297063,1,0.123633827939059,2.12966422373804
"246",44,0.5,1.48529925297063,1,-0.240996179022431,1.60212766819458
"247",44,0.75,1.48529925297063,1,0.691263750448717,1.64679942403652
"248",44,1.25,1.48529925297063,1,-0.279186104097642,1.04697171029224
"249",45,0,6.97168303614017,0,-0.113800200535331,0.570951512093571
"250",45,0.25,6.97168303614017,0,-0.694479108988038,0.687394151283822
"251",45,0.75,6.97168303614017,0,-0.67121167588738,0.11687883340024
"252",45,1,6.97168303614017,0,-0.950630278206579,-0.162194578315998
"253",45,1.25,6.97168303614017,0,-0.8185044645334,0.0304343134276586
"254",45,1.5,6.97168303614017,0,-0.583183348204795,0.0977458418136401
"255",45,2,6.97168303614017,0,-1.09218893381162,0.150420972252244
"256",46,0,0.787880890697031,1,0.551609468784503,1.08309865614365
"257",46,0.5,0.787880890697031,1,-0.290768263481141,1.15599387855674
"258",46,0.75,0.787880890697031,1,0.148935188597295,1.72524099822475
"259",47,0,6.18336329257581,0,-0.771721631060827,0.595456502745433
"260",47,0.75,6.18336329257581,0,-1.12522672656091,-0.67448053108291
"261",47,1,6.18336329257581,0,-1.59692638853495,-0.837527944248662
"262",47,1.25,6.18336329257581,0,-1.25561061344256,-0.527840282257217
"263",47,1.5,6.18336329257581,0,-1.91984893408885,-1.37437307046296
"264",47,1.75,6.18336329257581,0,-1.99346776378816,-1.32159947793584
"265",47,2,6.18336329257581,0,-1.61313923532662,-1.49940901537037
"266",48,0,2.74378510214048,1,0.00314349557073884,0.0142392148394792
"267",48,0.25,2.74378510214048,1,-0.0126057816236437,0.937943432441663
"268",48,1.25,2.74378510214048,1,0.188777515425486,0.0275237056109567
"269",48,1.5,2.74378510214048,1,-0.270547254222573,0.754248171930752
"270",48,1.75,2.74378510214048,1,-0.185837550979948,0.294430081729625
"271",48,2,2.74378510214048,1,-0.489001359231276,0.711026251548722
"272",49,0,0.965156349851447,1,1.95389526754918,1.07984782071524
"273",49,0.25,0.965156349851447,1,1.50973979899037,1.58363965296451
"274",49,0.5,0.965156349851447,1,2.10315097697433,1.43013745789894
"275",49,0.75,0.965156349851447,1,1.68555887125848,2.11717105702624
"276",50,0,1.70898335077674,1,1.27326512963635,1.76734391502334
"277",50,0.75,1.70898335077674,1,0.186610712233556,1.3761873155066
"278",50,1,1.70898335077674,1,0.390164529924838,0.479838919956757
"279",50,1.5,1.70898335077674,1,0.574754701744495,1.06335179448729
"280",51,0,0.640850047104387,1,0.300174070292985,0.144059888427309
"281",51,0.25,0.640850047104387,1,0.647661458682968,0.138981488402225
"282",51,0.5,0.640850047104387,1,0.423490356212746,-0.230449046731162
"283",52,0,1.15282677451416,1,0.955231774501459,1.58084378591392
"284",52,0.25,1.15282677451416,1,0.259828823694504,0.293942941039547
"285",52,0.5,1.15282677451416,1,0.716158612693694,1.24787035281587
"286",52,0.75,1.15282677451416,1,0.710372036548043,1.01314948814919
"287",52,1,1.15282677451416,1,0.935929485907341,0.634356529082106
"288",53,0,1.24390826076714,1,3.29875534994209,1.39459056407126
"289",53,0.25,1.24390826076714,1,2.61317762065266,0.89955572100101
"290",53,0.75,1.24390826076714,1,2.44085117386172,1.56615550584651
"291",54,0,2.03104272602329,1,0.8446233462676,-0.243148692022927
"292",54,0.5,2.03104272602329,1,1.17803653992929,0.71309622762613
"293",54,0.75,2.03104272602329,1,1.19668982656922,0.402460468451643
"294",54,1,2.03104272602329,1,1.30320200117907,0.429219148891702
"295",54,1.25,2.03104272602329,1,0.790125612691436,-0.399799367577746
"296",54,1.5,2.03104272602329,1,0.827512932721164,0.292944830088475
"297",54,1.75,2.03104272602329,1,0.494875568960656,0.518721000970235
"298",54,2,2.03104272602329,1,0.587676142324903,0.119779544469581
"299",55,0,1.47042988495259,1,-0.169168363938245,-0.0825129366208675
"300",55,0.25,1.47042988495259,1,-0.252890284311477,0.806318627345181
"301",55,0.5,1.47042988495259,1,-0.0570356244387594,0.348807782251464
"302",55,0.75,1.47042988495259,1,0.0773041595726328,1.02762412740169
"303",55,1,1.47042988495259,1,0.0170244320260936,1.0292974886457
"304",55,1.25,1.47042988495259,1,-0.0468467425233931,1.61493121805854
"305",56,0,1.57807658320719,1,0.249013660335916,1.15984324508409
"306",56,0.25,1.57807658320719,1,-0.0891963688809526,0.821451077964544
"307",56,0.5,1.57807658320719,1,0.142682604217805,1.42750799782887
"308",56,0.75,1.57807658320719,1,-0.184269961887654,1.27814921472278
"309",56,1,1.57807658320719,1,0.803971638751415,1.42768105772829
"310",56,1.25,1.57807658320719,1,0.932384571566833,1.42981801643847
"311",56,1.5,1.57807658320719,1,0.620153049636227,1.84843992729853
"312",57,0,1.39203742173016,1,0.0742777500246507,0.636447385101252
"313",57,0.25,1.39203742173016,1,-0.0287060515542267,0.419743149617277
"314",57,0.5,1.39203742173016,1,-0.0814888268493882,-0.0223827240653525
"315",57,1,1.39203742173016,1,-0.346517055630577,0.572784745712028
"316",57,1.25,1.39203742173016,1,-0.129578703709937,1.05271185447017
"317",58,0,1.28155273768352,1,1.26073717792424,0.931065437372407
"318",58,0.25,1.28155273768352,1,1.57212439952421,0.488730379629501
"319",58,0.5,1.28155273768352,1,1.12934118752674,0.0890881806172799
"320",58,0.75,1.28155273768352,1,1.04574812576944,0.492918285358764
"321",58,1,1.28155273768352,1,1.08847497093323,0.297052442642967
"322",59,0,4.1021127455032,1,0.0940719174207099,-0.467178700865435
"323",59,0.5,4.1021127455032,1,0.338954700738779,-1.35466985085369
"324",59,0.75,4.1021127455032,1,0.192210437419599,-1.72332235221878
"325",59,1,4.1021127455032,1,-0.0545103994293091,-1.46873204365268
"326",59,1.25,4.1021127455032,1,-0.512001808026175,-1.23584729372676
"327",59,1.75,4.1021127455032,1,-0.184981566407303,-1.82698449389714
"328",59,2,4.1021127455032,1,-0.0393003955305218,-1.75577087421399
"329",60,0,1.43261336900396,1,1.19173324709168,0.475585169612621
"330",60,0.25,1.43261336900396,1,0.548003868516834,-0.130978567150017
"331",60,0.5,1.43261336900396,1,-0.0786769665847675,0.602804551280241
"332",60,1,1.43261336900396,1,1.42406552280654,0.370748211837206
"333",60,1.25,1.43261336900396,1,0.606521864537896,0.333269939773495
"334",61,0,2.25423609495615,1,0.16465852542227,0.703152556132152
"335",61,0.25,2.25423609495615,1,-0.426471966952779,1.54204439680948
"336",61,0.5,2.25423609495615,1,-0.260572300103057,1.21636423972395
"337",61,0.75,2.25423609495615,1,-0.567597387561063,0.363219585771314
"338",61,1,2.25423609495615,1,-0.220449449028034,0.786961261829729
"339",61,1.25,2.25423609495615,1,-0.323994660760354,1.05808289608265
"340",61,1.5,2.25423609495615,1,-0.140999775799978,1.05909556416019
"341",61,1.75,2.25423609495615,1,-0.507843910640642,1.16445291479452
"342",61,2,2.25423609495615,1,-0.823080013943622,1.13587283867563
"343",62,0,6.33639574635308,0,-1.0576665428545,-1.05854094291744
"344",62,0.25,6.33639574635308,0,-0.625886563892538,-0.846275751679211
"345",62,0.5,6.33639574635308,0,-1.01910352153734,-0.536401413827217
"346",62,0.75,6.33639574635308,0,-1.68281265826485,-1.11979268012336
"347",62,1,6.33639574635308,0,-1.09116832811019,-1.02110101675799
"348",62,1.5,6.33639574635308,0,-1.37757823564902,-0.824343934120509
"349",62,1.75,6.33639574635308,0,-1.12478231720076,-0.877624974480137
"350",62,2,6.33639574635308,0,-1.25674869291735,-1.09048983289138
"351",63,0,1.21344557959179,1,1.59737143278614,-0.299978565014401
"352",63,0.25,1.21344557959179,1,1.55218797769336,0.0224554811799456
"353",63,0.5,1.21344557959179,1,1.75307160828664,0.00362723321421904
"354",63,0.75,1.21344557959179,1,1.71285076237317,-0.483869844143877
"355",63,1,1.21344557959179,1,1.49708553953271,-0.1954324250729
"356",64,0,4.38766174601454,1,-0.650939335525597,-0.611828841070496
"357",64,0.25,4.38766174601454,1,0.202294253606172,-1.22112109103412
"358",64,0.5,4.38766174601454,1,-0.314246484641514,-1.53961033507056
"359",64,0.75,4.38766174601454,1,-0.190610482363534,-1.02013903190965
"360",64,1,4.38766174601454,1,-0.161305263356014,-1.010367939467
"361",64,1.25,4.38766174601454,1,-0.0778631544776798,-0.801429125634047
"362",64,1.75,4.38766174601454,1,-0.509434842982317,-0.714625673168498
"363",65,0,1.32842981733067,1,0.449177134924625,0.297421130134841
"364",65,0.25,1.32842981733067,1,0.440737743370596,0.978646953353939
"365",65,0.5,1.32842981733067,1,1.11381350721615,1.08635695534958
"366",65,0.75,1.32842981733067,1,0.938047101225541,0.547128175639559
"367",65,1,1.32842981733067,1,1.0472054507993,0.76138173231859
"368",65,1.25,1.32842981733067,1,0.994157170454468,0.129465264883497
"369",66,0,0.875733505856874,1,0.946114263146368,0.530987885260743
"370",66,0.25,0.875733505856874,1,0.861632058019215,0.888621190172389
"371",66,0.5,0.875733505856874,1,0.678636759579448,0.639797883135557
"372",66,0.75,0.875733505856874,1,1.02918999517392,1.09067314402728
"373",67,0,2.20063631764709,1,-0.258167862394872,0.429113643848071
"374",67,0.25,2.20063631764709,1,-0.00767448857306652,0.574808664842113
"375",67,0.5,2.20063631764709,1,-0.0324992041789888,1.16243176179936
"376",67,0.75,2.20063631764709,1,-0.0059107924261278,0.583381383385568
"377",67,1,2.20063631764709,1,-0.398254371724907,0.685481234327714
"378",67,1.25,2.20063631764709,1,-0.288955197931191,0.830998260774899
"379",67,1.5,2.20063631764709,1,0.0601460051779459,1.68072287735232
"380",67,1.75,2.20063631764709,1,0.00974785116776694,0.390668550966026
"381",67,2,2.20063631764709,1,-0.733142650918215,0.860401535399944
"382",68,0,1.797569520199,1,1.44182830676338,0.630740201176164
"383",68,0.25,1.797569520199,1,1.78718009181369,0.877676189412205
"384",68,0.5,1.797569520199,1,1.78985097058639,0.563005487949321
"385",68,1,1.797569520199,1,0.909727279278078,0.419800103560535
"386",68,1.25,1.797569520199,1,0.769889753554169,0.0589271237940049
"387",68,1.5,1.797569520199,1,0.837775575750678,-0.00593046657786259
"388",69,0,0.820408296122029,1,1.49647161317756,2.38213287003489
"389",69,0.25,0.820408296122029,1,0.938561183598149,1.52758318591276
"390",69,0.5,0.820408296122029,1,0.778591587652189,2.26678076714995
"391",69,0.75,0.820408296122029,1,1.01119190060983,1.95928416388818
"392",70,0,1.75168774151416,1,-1.2065987077421,1.68528644838403
"393",70,0.25,1.75168774151416,1,-1.03184275215627,1.48128418620017
"394",70,0.5,1.75168774151416,1,-1.00843604409553,1.57170874376498
"395",70,0.75,1.75168774151416,1,-0.876128943987222,1.8582304556922
"396",70,1,1.75168774151416,1,-0.299390938490827,1.81352016587665
"397",70,1.5,1.75168774151416,1,-0.788994221579527,2.36629631089207
"398",70,1.75,1.75168774151416,1,-0.979681812414412,1.93060200734063
"399",71,0,1.18868998748818,1,1.0459751424153,1.10448445904901
"400",71,0.25,1.18868998748818,1,1.1707684579333,0.587295208146679
"401",71,0.5,1.18868998748818,1,0.971123227319205,1.06729400860309
"402",71,0.75,1.18868998748818,1,1.0051533707013,0.643998706097677
"403",71,1,1.18868998748818,1,1.23068423786562,0.407265341574875
"404",72,0,2.02076527568605,1,-0.580670918297067,0.690461333243237
"405",72,0.25,2.02076527568605,1,0.552195822354673,0.0190245586708064
"406",72,0.5,2.02076527568605,1,-0.639673205349825,0.950128036526156
"407",72,0.75,2.02076527568605,1,-0.251898723497436,0.922392168765376
"408",72,1,2.02076527568605,1,-0.0658699032337258,1.08534645223838
"409",72,1.25,2.02076527568605,1,-0.142553827390474,1.65531400205181
"410",72,1.5,2.02076527568605,1,-0.488719161488982,2.2122777177728
"411",72,1.75,2.02076527568605,1,0.445368383043221,1.62923987501377
"412",72,2,2.02076527568605,1,0.0566773891016088,1.99157123935742
"413",73,0,4.11388820761633,1,-0.305933825376158,-0.348202474711191
"414",73,0.25,4.11388820761633,1,-0.753914486229557,-0.436465493673919
"415",73,0.5,4.11388820761633,1,-0.0594850308611828,-0.902261912520885
"416",73,1,4.11388820761633,1,-0.453066774495386,-0.519674244830196
"417",73,1.25,4.11388820761633,1,-0.0968184037472754,-0.97207893300908
"418",73,1.5,4.11388820761633,1,0.0115982797131941,-0.359845599882133
"419",73,1.75,4.11388820761633,1,-0.878606283898677,-0.590933522496163
"420",73,2,4.11388820761633,1,-0.215465579135588,-0.962640244940425
"421",74,0,1.22144588048405,1,0.371654318261406,1.51062865697088
"422",74,0.25,1.22144588048405,1,0.910110818288375,1.15210032588625
"423",74,0.75,1.22144588048405,1,0.52969999759732,1.57881683834522
"424",74,1,1.22144588048405,1,0.271974063217919,2.22860443694504
"425",75,0,6.58566895842087,0,-1.47322581441831,-2.28804694536131
"426",75,0.25,6.58566895842087,0,-2.56200459192387,-2.02091546713479
"427",75,0.5,6.58566895842087,0,-1.52404539182425,-2.6745025237595
"428",75,0.75,6.58566895842087,0,-2.54731206650063,-2.19153083450249
"429",75,1,6.58566895842087,0,-2.32290105088015,-2.70995691363282
"430",75,1.25,6.58566895842087,0,-2.85459607327071,-3.28943362012135
"431",75,1.5,6.58566895842087,0,-2.00029046347486,-3.14546114801114
"432",75,2,6.58566895842087,0,-2.38520614510887,-3.18637666969373
"433",76,0,6.73575538180303,0,-0.949694727967578,0.212964544675141
"434",76,0.25,6.73575538180303,0,-0.86262983661914,0.00942395354173908
"435",76,0.5,6.73575538180303,0,-1.2374771628148,0.352273068803373
"436",76,0.75,6.73575538180303,0,-0.859404850268923,0.30338869286787
"437",76,1.25,6.73575538180303,0,-0.522033713584288,-0.157753259370534
"438",76,1.5,6.73575538180303,0,-0.759836686590604,-0.354062634022955
"439",76,2,6.73575538180303,0,-1.10509804755254,0.134125789481356
"440",77,0,2.71116712125959,1,1.01329951142411,0.798750899435505
"441",77,0.25,2.71116712125959,1,1.40592411622974,0.477919988086775
"442",77,0.5,2.71116712125959,1,0.808961818162715,0.571124059023851
"443",77,1.25,2.71116712125959,1,1.52090933623755,0.545856556364603
"444",77,1.5,2.71116712125959,1,1.19273704289406,-0.152074321769856
"445",77,1.75,2.71116712125959,1,0.0557322799387834,0.234515435721905
"446",77,2,2.71116712125959,1,1.83538035435243,0.268275347458461
"447",78,0,5.59068766994758,1,-0.513069270511985,-2.19764423450391
"448",78,0.25,5.59068766994758,1,-0.696086227106705,-1.48962350601434
"449",78,0.5,5.59068766994758,1,-0.886148788348285,-1.58469580338301
"450",78,0.75,5.59068766994758,1,-0.488670920052328,-1.42068759279689
"451",78,1,5.59068766994758,1,-0.726224001386662,-2.18023963384226
"452",78,1.75,5.59068766994758,1,-0.635075112390468,-1.69818421195868
"453",79,0,6.06246435339563,0,-0.0497089667345765,-0.246995059852194
"454",79,0.25,6.06246435339563,0,-0.115638249907005,-0.417295701559667
"455",79,0.75,6.06246435339563,0,-0.688028428742614,-1.07386419269765
"456",79,1,6.06246435339563,0,-0.513762358092943,-0.991844795292323
"457",79,1.25,6.06246435339563,0,-0.59167711293674,-0.378206817863917
"458",79,1.5,6.06246435339563,0,-0.758620374867847,-1.31260762407524
"459",79,1.75,6.06246435339563,0,-0.839226449183745,-1.63958100940385
"460",79,2,6.06246435339563,0,-0.902863014899488,-1.13987718478176
"461",80,0,6.87031026675831,0,0.360705361167351,-0.148613087039731
"462",80,0.5,6.87031026675831,0,0.197730952922818,-0.422693393560294
"463",80,0.75,6.87031026675831,0,0.417935533338922,-0.827408508039601
"464",80,1,6.87031026675831,0,0.684050275054891,-1.15254026478925
"465",80,1.25,6.87031026675831,0,0.780625544182776,-0.944357101042449
"466",80,1.5,6.87031026675831,0,0.92302886440389,-0.870427969066619
"467",80,1.75,6.87031026675831,0,0.640700836962702,-1.37487323494833
"468",81,0,1.89839607888337,1,-0.520216203168886,0.775289976700937
"469",81,0.25,1.89839607888337,1,-0.147731009904427,0.388854637430089
"470",81,0.5,1.89839607888337,1,-0.16350971254951,0.510130727479945
"471",81,0.75,1.89839607888337,1,-0.548771713558512,0.692257647286772
"472",81,1,1.89839607888337,1,0.142811474807653,1.29235600684255
"473",81,1.25,1.89839607888337,1,0.164098121100794,1.26166453358899
"474",81,1.5,1.89839607888337,1,-0.417907048586045,0.620049048619907
"475",81,1.75,1.89839607888337,1,0.056786550514154,1.259268215152
"476",82,0,0.983336266424554,1,1.42849112492624,1.93504581091816
"477",82,0.25,0.983336266424554,1,1.40805976110274,2.18745479695103
"478",82,0.75,0.983336266424554,1,1.8832878435655,1.97898239570897
"479",83,0,1.09840641443208,1,0.430795442343001,2.75443611698116
"480",83,0.25,1.09840641443208,1,0.199224971483851,2.61542465120612
"481",83,0.75,1.09840641443208,1,0.0377357019111573,2.1252053308783
"482",84,0,1.62714682134567,1,-0.0599519704241825,1.25220627925037
"483",84,0.25,1.62714682134567,1,-0.3802733340224,1.64584400026935
"484",84,0.5,1.62714682134567,1,-0.644488058346888,1.63118605215889
"485",84,0.75,1.62714682134567,1,0.0928082260102764,2.05221803563266
"486",84,1,1.62714682134567,1,0.225623757677548,1.40109665551809
"487",84,1.25,1.62714682134567,1,0.56875337621205,1.23809071063594
"488",84,1.5,1.62714682134567,1,0.249247565365844,2.24394328108271
"489",85,0,1.7864832501879,1,0.875113951444031,0.706347587368896
"490",85,0.25,1.7864832501879,1,0.848585293484379,0.51120381545763
"491",85,0.5,1.7864832501879,1,1.25124708635574,0.691345197739189
"492",85,1,1.7864832501879,1,0.927341690077523,0.827164752619883
"493",85,1.25,1.7864832501879,1,1.10831016713818,1.04437553107478
"494",85,1.75,1.7864832501879,1,1.41766450862703,0.525210302255238
"495",86,0,6.55679966937751,0,-0.232245987902124,-0.864932277180521
"496",86,0.25,6.55679966937751,0,-0.860461073101601,-1.81211576500541
"497",86,1,6.55679966937751,0,-0.416153964824042,-1.05704955604346
"498",86,1.25,6.55679966937751,0,-0.226068271065859,-1.72737991915148
"499",86,1.5,6.55679966937751,0,-0.613335296185,-1.84716871213088
"500",86,1.75,6.55679966937751,0,0.00233766330763946,-2.12214548784494
"501",86,2,6.55679966937751,0,-0.28560065452631,-1.85362763231147
"502",87,0,2.37875606330016,1,1.24754417637731,0.598667629284296
"503",87,0.5,2.37875606330016,1,1.15753410896228,0.416454284982026
"504",87,0.75,2.37875606330016,1,1.77851662059604,0.422092727228673
"505",87,1.25,2.37875606330016,1,0.867257146791228,0.493468791962245
"506",87,1.5,2.37875606330016,1,1.32674562962883,0.713615742341043
"507",87,1.75,2.37875606330016,1,1.33626395233242,1.21656728800973
"508",87,2,2.37875606330016,1,1.02886978118022,1.26184524652558
"509",88,0,1.63171910679301,1,1.08539761950992,1.44497934212504
"510",88,0.25,1.63171910679301,1,1.31383930708762,0.834360493525079
"511",88,0.5,1.63171910679301,1,0.981608026431741,0.580406999487219
"512",88,0.75,1.63171910679301,1,1.32422760728347,0.770099275191241
"513",88,1.5,1.63171910679301,1,0.777538715309045,1.04528189113815
"514",89,0,2.39713596713671,1,1.57724893006402,-0.700337916415683
"515",89,0.25,2.39713596713671,1,1.5786099831857,-0.00213635322027139
"516",89,0.5,2.39713596713671,1,1.07363640718354,-0.141901385754563
"517",89,0.75,2.39713596713671,1,1.54623384539537,0.185642621507445
"518",89,1,2.39713596713671,1,1.72836369443034,-0.382034327301076
"519",89,1.5,2.39713596713671,1,1.24767030443653,-0.119215016448857
"520",89,1.75,2.39713596713671,1,1.0357086434154,0.673559408247981
"521",90,0,1.23432086786693,1,-0.00765311614880233,0.958249659787601
"522",90,0.25,1.23432086786693,1,0.732220789361482,1.30466690721168
"523",90,0.5,1.23432086786693,1,-0.273059520223671,1.11618577557058
"524",90,0.75,1.23432086786693,1,0.115955154544625,1.87943628326105
"525",90,1,1.23432086786693,1,0.660209492056961,2.28653485491161
"526",91,0,3.90018803130924,1,0.383986470491558,-0.433994586561706
"527",91,0.25,3.90018803130924,1,0.974528494411704,-0.0518962835339159
"528",91,0.5,3.90018803130924,1,0.345045682535721,-0.0499618182377808
"529",91,0.75,3.90018803130924,1,0.586922348977482,-0.49636264917772
"530",91,1,3.90018803130924,1,0.504236371902449,-0.74882589591094
"531",91,1.25,3.90018803130924,1,0.689711431915762,-0.100771597150063
"532",91,1.5,3.90018803130924,1,0.415310589460173,-0.838688052924253
"533",91,1.75,3.90018803130924,1,0.778762871607627,-0.569492707796414
"534",91,2,3.90018803130924,1,0.473189204103835,-0.68185018463213
"535",92,0,3.04136393318102,1,0.0415823744103244,-0.239285454551002
"536",92,0.5,3.04136393318102,1,-0.135197132526191,-0.0167125632511603
"537",92,0.75,3.04136393318102,1,0.301908386421262,-0.156112570246409
"538",92,1.25,3.04136393318102,1,0.656862912746357,-0.197648644843495
"539",92,1.5,3.04136393318102,1,0.642133966573523,-0.352403619267193
"540",92,1.75,3.04136393318102,1,0.688510321217209,-0.158631193851029
"541",92,2,3.04136393318102,1,1.15228936343256,-0.511136012042072
"542",93,0,2.93096908992543,1,-1.07774022052355,0.809764415758626
"543",93,0.25,2.93096908992543,1,-0.537325215621335,0.0766127771384032
"544",93,0.5,2.93096908992543,1,0.062750747382569,-0.0121617676977469
"545",93,0.75,2.93096908992543,1,0.116910362598117,-0.357448614668604
"546",93,1,2.93096908992543,1,-0.0822253890363624,-0.254916765335078
"547",93,1.5,2.93096908992543,1,-0.0500781059926433,0.0153461523330657
"548",93,1.75,2.93096908992543,1,0.145839601490179,-0.396095645960235
"549",93,2,2.93096908992543,1,0.697977738831287,-0.398486006452543
"550",94,0,1.70131587688355,1,0.614512946848085,-0.0200788727932451
"551",94,0.5,1.70131587688355,1,1.36494490114499,-0.15656494861778
"552",94,0.75,1.70131587688355,1,1.11233923421623,0.499244075188743
"553",94,1,1.70131587688355,1,1.78480149988445,0.729552381492221
"554",94,1.25,1.70131587688355,1,1.9398910753108,0.349777344921402
"555",94,1.5,1.70131587688355,1,1.86572872352318,1.31113314011023
"556",95,0,7.04704416024033,0,1.45406983169173,0.318074356967065
"557",95,0.25,7.04704416024033,0,1.16442046924274,0.939409846662046
"558",95,0.5,7.04704416024033,0,1.1669833089381,0.0119412521087398
"559",95,1,7.04704416024033,0,1.34098914298543,0.286039541953899
"560",95,1.25,7.04704416024033,0,0.387491888713757,-0.395062681612958
"561",95,1.5,7.04704416024033,0,0.699404698030607,-0.147335533109955
"562",95,1.75,7.04704416024033,0,0.406074156473534,-0.88638978737825
"563",95,2,7.04704416024033,0,0.283325731042037,0.0721945914991015
"564",96,0,1.41259533341445,1,1.07120265023891,0.442509710027131
"565",96,0.25,1.41259533341445,1,0.339070978087804,0.428023906581153
"566",96,0.5,1.41259533341445,1,0.456310022736303,0.380127942036139
"567",96,1,1.41259533341445,1,-0.00456402083017227,0.970686875385184
"568",97,0,1.40130859807015,1,1.37908635684371,2.0299671774495
"569",97,0.25,1.40130859807015,1,1.53453719775718,0.954927186336541
"570",97,1,1.40130859807015,1,1.14876181329589,1.47263795337099
"571",98,0,1.30607581755777,1,0.239890297666744,1.35216350962173
"572",98,0.5,1.30607581755777,1,-0.00767340820093795,1.52536609922699
"573",98,1,1.30607581755777,1,0.123966674016196,0.664424220355853
"574",98,1.25,1.30607581755777,1,-0.675951426240633,0.695223696080411
"575",99,0,6.66256704726256,0,-2.00624616713802,-0.156459242099759
"576",99,0.25,6.66256704726256,0,-1.76474723341435,-0.823999933323616
"577",99,0.5,6.66256704726256,0,-1.74516135790073,-0.847610283103458
"578",99,0.75,6.66256704726256,0,-2.32156310697169,-0.317437089598445
"579",99,1,6.66256704726256,0,-1.50644545586471,-1.40988077474348
"580",99,1.25,6.66256704726256,0,-1.32926228948901,-0.977772804976398
"581",99,1.5,6.66256704726256,0,-2.14894143782036,-0.894097902212683
"582",99,1.75,6.66256704726256,0,-2.32662830521512,-0.793469885516966
"583",100,0,2.23074833136587,1,1.38601720079021,-0.484566732654951
"584",100,0.25,2.23074833136587,1,0.236467834910936,-0.143082140027646
"585",100,0.5,2.23074833136587,1,0.467577586852421,-0.363259280605275
"586",100,0.75,2.23074833136587,1,0.483361045653859,-0.207548821963474
"587",100,1,2.23074833136587,1,0.457212214887913,-0.411588295327096
"588",100,1.25,2.23074833136587,1,-0.000213409607674353,0.17174496279623
"589",100,1.5,2.23074833136587,1,0.209589644161522,0.319524091707211
"590",100,1.75,2.23074833136587,1,-0.106565040845965,0.0320785685651675
"591",100,2,2.23074833136587,1,0.00551856039586016,-0.574081831346539
"592",101,0,0.63674843473949,1,1.27650617439902,0.193485065731221
"593",101,0.25,0.63674843473949,1,1.01343606169222,0.318264142861589
"594",101,0.5,0.63674843473949,1,0.58735231561152,0.24260057694706
"595",102,0,1.27474722813335,1,1.94848375937269,0.703274642363437
"596",102,0.25,1.27474722813335,1,1.84414019350365,0.96719741664568
"597",102,0.75,1.27474722813335,1,1.68081848351811,0.571629374277943
"598",102,1,1.27474722813335,1,2.31917249773958,0.785974393240964
"599",102,1.25,1.27474722813335,1,1.82993451920077,0.335903894968308
"600",103,0,6.30194027209654,0,-2.27307110336797,-0.170273307040594
"601",103,0.25,6.30194027209654,0,-1.53206340713261,0.208714931851213
"602",103,0.5,6.30194027209654,0,-1.23956535874518,-0.787250100650752
"603",103,0.75,6.30194027209654,0,-1.55888318685549,-0.546764842813524
"604",103,1.25,6.30194027209654,0,-1.36544006670751,-0.127511077601496
"605",103,1.5,6.30194027209654,0,-1.63965053249525,-0.617946022211015
"606",103,1.75,6.30194027209654,0,-1.55340093571136,-0.479146827961621
"607",103,2,6.30194027209654,0,-1.46111351938866,-0.375135647863114
"608",104,0,6.01280585110653,0,-0.0152230464027795,0.994987184965234
"609",104,0.25,6.01280585110653,0,0.288452093844309,0.887205808251002
"610",104,0.5,6.01280585110653,0,0.0384570034823818,0.0115889414043011
"611",104,0.75,6.01280585110653,0,0.386593920858263,0.113383887647366
"612",104,1,6.01280585110653,0,0.288539731255661,0.167525210989932
"613",104,1.25,6.01280585110653,0,0.0782914319375018,0.466477701442946
"614",104,1.5,6.01280585110653,0,-0.45997478582373,0.310801802388905
"615",104,2,6.01280585110653,0,-0.272803974128258,-0.457060002806114
"616",105,0,6.80539214990567,0,-1.05322475449395,1.25882575977917
"617",105,0.25,6.80539214990567,0,-0.657352539317435,1.11265217534025
"618",105,0.75,6.80539214990567,0,-0.828164790641745,0.771694825715084
"619",105,1,6.80539214990567,0,-1.4192764806867,0.704781321373571
"620",105,1.25,6.80539214990567,0,-1.15520967979684,-0.126704579913473
"621",105,1.75,6.80539214990567,0,-1.63138298671785,-0.183822566571477
"622",105,2,6.80539214990567,0,-2.28467293973605,-0.0640633157967993
"623",106,0,0.445633476726804,1,1.26650254469961,1.99910066003623
"624",106,0.25,0.445633476726804,1,1.50329554086729,1.74992366943178
"625",107,0,0.753115014309739,1,1.29465191154109,0.473522203630054
"626",107,0.25,0.753115014309739,1,1.81241032370612,1.34714811456898
"627",107,0.5,0.753115014309739,1,1.7924538069269,1.37326326174903
"628",107,0.75,0.753115014309739,1,1.51895154286194,1.69361581120459
"629",108,0,2.61064137214054,1,1.27399781992236,0.357722990176034
"630",108,0.25,2.61064137214054,1,0.563418096535332,0.042803203572918
"631",108,0.5,2.61064137214054,1,0.0456561860234841,0.199197726175618
"632",108,0.75,2.61064137214054,1,0.669007418435239,0.459939174439647
"633",108,1,2.61064137214054,1,0.450449360839193,0.278155342596623
"634",108,1.5,2.61064137214054,1,-0.0614206891562928,0.423423289320978
"635",108,1.75,2.61064137214054,1,0.410526588912148,0.56407574531087
"636",108,2,2.61064137214054,1,-0.838156474352842,0.562658678070556
"637",109,0,1.64756465533508,1,-0.0942162954040709,0.978781252905394
"638",109,0.25,1.64756465533508,1,-0.00615790942053568,0.549613643095124
"639",109,0.5,1.64756465533508,1,-0.403779098351763,1.37807862815593
"640",109,0.75,1.64756465533508,1,-0.0578480012360087,1.39487046158717
"641",109,1,1.64756465533508,1,0.153825360686394,1.46422615469588
"642",109,1.25,1.64756465533508,1,0.183270066152554,1.84816520531132
"643",109,1.5,1.64756465533508,1,0.0384643731527052,1.97189729171953
"644",110,0,0.584870544860698,1,0.556871283873352,0.54071989079564
"645",110,0.25,0.584870544860698,1,1.05306017649669,1.06018224056713
"646",110,0.5,0.584870544860698,1,1.23578006924948,-0.0504712157826834
"647",111,0,2.33347660731005,1,0.00377817624113441,1.29817385804821
"648",111,0.25,2.33347660731005,1,0.115522659422328,0.672847183146356
"649",111,0.5,2.33347660731005,1,0.390128693213192,0.916202405934339
"650",111,0.75,2.33347660731005,1,0.48873077635956,0.286147777588271
"651",111,1,2.33347660731005,1,0.0117016999875877,0.185540032302781
"652",111,1.25,2.33347660731005,1,-0.277241304118217,0.607503614301048
"653",111,1.75,2.33347660731005,1,-0.00368728513739261,0.134241396414383
"654",111,2,2.33347660731005,1,-0.128315708736114,0.353774190349725
"655",112,0,6.07414902141318,0,0.850675036564084,0.5223793360661
"656",112,0.25,6.07414902141318,0,0.141700038379192,-0.0279286192065459
"657",112,0.5,6.07414902141318,0,0.972896447134171,0.035276333193216
"658",112,1,6.07414902141318,0,0.654950717925813,-0.156023573787631
"659",112,1.25,6.07414902141318,0,0.204149226350414,-0.468647660743936
"660",112,1.5,6.07414902141318,0,0.274486177741774,-0.646370763057196
"661",112,2,6.07414902141318,0,0.411749584822174,-0.89457469653108
"662",113,0,6.97242752769962,0,-0.448341454105808,1.02352578410917
"663",113,0.25,6.97242752769962,0,-1.3316918817025,0.42293464958024
"664",113,0.5,6.97242752769962,0,-1.25785040172903,0.89386609089715
"665",113,0.75,6.97242752769962,0,-1.18014727848695,0.583269853325634
"666",113,1,6.97242752769962,0,-1.77995624140407,0.174757390142344
"667",113,1.25,6.97242752769962,0,-1.54146137316027,-0.0926694107280664
"668",113,1.5,6.97242752769962,0,-2.36296422038297,-0.233504723820648
"669",113,1.75,6.97242752769962,0,-1.87428429245857,-0.267362543756478
"670",113,2,6.97242752769962,0,-2.04169461375053,0.027275692861105
"671",114,0,1.24704738199979,1,1.00225257559665,-0.450021380984147
"672",114,0.25,1.24704738199979,1,1.16019040410851,-0.255121820982493
"673",114,0.5,1.24704738199979,1,0.865418747409061,-0.390941055672076
"674",114,0.75,1.24704738199979,1,0.663308169264539,0.160354100172871
"675",114,1,1.24704738199979,1,1.00359464431238,0.23730458957888
"676",115,0,6.58476965252776,0,-1.2544363280078,0.67954318765236
"677",115,0.25,6.58476965252776,0,-1.2539098701948,1.29396834601069
"678",115,0.5,6.58476965252776,0,-1.31824255059349,1.40035243870068
"679",115,0.75,6.58476965252776,0,-1.71724129898228,0.931384401165627
"680",115,1.25,6.58476965252776,0,-1.98736386639576,1.04974161663442
"681",115,1.75,6.58476965252776,0,-2.29977273028787,1.09822691079224
"682",115,2,6.58476965252776,0,-2.4254176171017,0.710166325796475
"683",116,0,5.22643908494399,1,0.846043821532848,0.0474745772513025
"684",116,0.5,5.22643908494399,1,0.0648190484915482,0.131580806488747
"685",116,0.75,5.22643908494399,1,0.0387412124510794,-0.253215198634453
"686",116,1,5.22643908494399,1,-0.648533145484758,0.117283242499905
"687",116,1.25,5.22643908494399,1,-0.576875340319934,-0.357458502955053
"688",116,1.5,5.22643908494399,1,-0.659868775493571,0.764757117128471
"689",116,1.75,5.22643908494399,1,-0.410490933961942,0.205042491988574
"690",116,2,5.22643908494399,1,-0.575704807321181,1.04921583826491
"691",117,0,6.26031513328198,0,-1.11184047138407,-1.185552076513
"692",117,0.5,6.26031513328198,0,-1.74307006526095,-0.994959274832193
"693",117,0.75,6.26031513328198,0,-2.05217063981147,-2.0773365366452
"694",117,1,6.26031513328198,0,-1.87604329224989,-1.21975730438526
"695",117,1.25,6.26031513328198,0,-2.15694912793358,-1.65159503588004
"696",117,1.5,6.26031513328198,0,-2.9052928892128,-1.75940203288453
"697",117,1.75,6.26031513328198,0,-2.34339999610733,-1.94461557911933
"698",117,2,6.26031513328198,0,-2.44631403399652,-2.34389596913302
"699",118,0,0.679133539360366,1,0.847925534971695,3.30527211445201
"700",118,0.25,0.679133539360366,1,0.382709789997667,2.88200431093615
"701",118,0.5,0.679133539360366,1,1.31115290852526,2.12027936131149
"702",119,0,6.89581699564587,0,-0.0305472876194935,0.525942183260582
"703",119,0.25,6.89581699564587,0,-0.55053538321868,0.164942030536069
"704",119,0.5,6.89581699564587,0,-0.387759630009566,0.258213777900915
"705",119,0.75,6.89581699564587,0,-0.994136914609337,-0.378182683401147
"706",119,1.5,6.89581699564587,0,-0.925432264254835,-1.08872739839549
"707",119,1.75,6.89581699564587,0,-0.92890196084831,-0.378427954058367
"708",120,0,1.13085535122375,1,0.896549511410132,0.165322730001414
"709",120,0.5,1.13085535122375,1,1.24930960995891,-0.335211689743129
"710",120,1,1.13085535122375,1,0.869456307617671,-0.135580225088507
"711",121,0,2.14330727433136,1,1.51067004092499,0.200018944407296
"712",121,0.25,2.14330727433136,1,2.37463660942567,0.412869551238676
"713",121,0.5,2.14330727433136,1,1.68461462955689,0.494354238526235
"714",121,1.25,2.14330727433136,1,1.38943549658601,-0.0112204459961257
"715",121,1.75,2.14330727433136,1,1.65914623745225,-0.269191440087155
"716",121,2,2.14330727433136,1,1.66021529164259,0.0768312621589121
"717",122,0,2.41258699497837,1,0.715265298976652,0.0404695504879001
"718",122,0.25,2.41258699497837,1,0.404922228717393,0.531539291908447
"719",122,0.5,2.41258699497837,1,0.786864332132923,0.35738889639164
"720",122,0.75,2.41258699497837,1,0.368441564442429,0.108731341476763
"721",122,1,2.41258699497837,1,0.705576380712797,0.035239192008897
"722",122,1.5,2.41258699497837,1,1.05119399144062,-0.144386532781537
"723",122,2,2.41258699497837,1,0.368125980420997,-0.481311273769563
"724",123,0,1.24892501446949,1,0.117991852435469,0.620200262585743
"725",123,0.25,1.24892501446949,1,-0.557919062076608,0.40916054902794
"726",123,0.5,1.24892501446949,1,0.453365724675947,1.18783937228987
"727",123,0.75,1.24892501446949,1,0.0805613924413225,0.254636222544979
"728",124,0,1.35374691593829,1,0.181987660752397,0.892940021961578
"729",124,0.25,1.35374691593829,1,0.77732093176078,1.05162498808095
"730",124,0.5,1.35374691593829,1,0.66961817433748,1.00900162099508
"731",124,0.75,1.35374691593829,1,0.512113167493718,1.30565447130725
"732",124,1,1.35374691593829,1,1.12128400207888,1.66287318297318
"733",124,1.25,1.35374691593829,1,0.784795778104974,1.23512344062192
"734",125,0,2.47596989490744,1,2.16530672072398,0.234692591989072
"735",125,0.5,2.47596989490744,1,1.61456118867938,0.561972680069389
"736",125,1,2.47596989490744,1,1.52035061497503,-0.497158529801072
"737",125,1.25,2.47596989490744,1,2.32201476161612,-0.565451486603667
"738",125,1.5,2.47596989490744,1,2.1275487367996,0.0956618616108637
"739",125,1.75,2.47596989490744,1,2.93784846008045,0.250352573150742
"740",125,2,2.47596989490744,1,1.78235966854119,-0.369697157279302
"741",126,0,1.3342575779554,1,2.50809526602431,1.53551053291947
"742",126,0.5,1.3342575779554,1,2.9466176333416,0.882483933941746
"743",126,0.75,1.3342575779554,1,3.41596318875926,1.02990112421796
"744",126,1,1.3342575779554,1,3.12105846020914,0.829677942247374
"745",126,1.25,1.3342575779554,1,2.74377550184011,0.667052269080121
"746",127,0,1.06965034676224,1,0.890654931331424,1.5736913530612
"747",127,0.5,1.06965034676224,1,0.230630497670304,2.62213547088425
"748",127,0.75,1.06965034676224,1,0.79264763859297,1.99372669058429
"749",127,1,1.06965034676224,1,0.746028607306921,1.82407805704426
"750",128,0,3.46580920161307,1,0.363993676627588,1.08002618621101
"751",128,0.25,3.46580920161307,1,0.493641178532056,0.637968950619073
"752",128,0.5,3.46580920161307,1,0.309222937620075,0.231652245150025
"753",128,0.75,3.46580920161307,1,0.334126109106671,0.144537551409846
"754",128,1,3.46580920161307,1,0.249530566644413,1.23450517461553
"755",128,1.25,3.46580920161307,1,0.204613922686302,0.555196166074502
"756",128,1.5,3.46580920161307,1,-0.517074282184961,0.803090542658638
"757",128,1.75,3.46580920161307,1,-0.456272388865365,-0.0587162154862383
"758",128,2,3.46580920161307,1,-0.773454414653551,-0.299718109617234
"759",129,0,2.2155278946955,1,-0.522289236967746,-0.62662767824127
"760",129,0.25,2.2155278946955,1,-0.111740931325721,-0.479370793016233
"761",129,0.5,2.2155278946955,1,0.11331518633459,-0.953743878207481
"762",129,0.75,2.2155278946955,1,0.231062337392677,-0.189860218711997
"763",129,1,2.2155278946955,1,-0.576663714829418,0.21089839343828
"764",129,1.5,2.2155278946955,1,0.705212078898361,-0.0571970392050399
"765",129,1.75,2.2155278946955,1,0.633513905700216,0.52642263028719
"766",129,2,2.2155278946955,1,0.511385561061635,0.194042202899053
"767",130,0,2.35228418365654,1,0.102279118763463,-0.88485387106059
"768",130,0.25,2.35228418365654,1,0.384933064521815,-0.330363874446726
"769",130,0.75,2.35228418365654,1,0.408104389441183,-0.156249547871601
"770",130,1.25,2.35228418365654,1,0.117795438472833,-0.107090398019245
"771",130,1.75,2.35228418365654,1,-0.226147435665445,0.557997854432049
"772",130,2,2.35228418365654,1,0.14118450576947,0.177960118934769
"773",131,0,6.96160893277265,0,0.00430427103845232,1.21968092173391
"774",131,0.25,6.96160893277265,0,-1.15548725141589,0.628483160315317
"775",131,0.5,6.96160893277265,0,-0.407098584495131,0.533291368026775
"776",131,0.75,6.96160893277265,0,-0.667041479747684,0.767407325349309
"777",131,1,6.96160893277265,0,-1.27887506832738,0.866784921771971
"778",131,1.25,6.96160893277265,0,-1.08908972396733,0.327199776721578
"779",131,1.5,6.96160893277265,0,-1.19631045816269,-0.0921715377178464
"780",131,1.75,6.96160893277265,0,-1.44139205952147,-0.30587875833091
"781",131,2,6.96160893277265,0,-1.80623634687191,-0.832041332809979
"782",132,0,7.01200289912522,0,-1.19362830620346,1.5165256593084
"783",132,0.25,7.01200289912522,0,-0.554611284110061,1.02104570285235
"784",132,0.75,7.01200289912522,0,-0.299876305663742,0.772298025587916
"785",132,1,7.01200289912522,0,-0.467048585830041,0.486963429554717
"786",132,1.25,7.01200289912522,0,-0.268429960157302,-0.125988951415227
"787",132,1.5,7.01200289912522,0,-0.346517702651404,-0.191593878584604
"788",132,1.75,7.01200289912522,0,-0.345070477442549,-0.0322593329438879
"789",132,2,7.01200289912522,0,-0.800607550458586,-0.644861212606043
"790",133,0,1.60374462240876,1,0.512120287144815,1.21954463097065
"791",133,0.25,1.60374462240876,1,1.3659302958731,1.32220421442522
"792",133,0.75,1.60374462240876,1,0.911161651496716,1.45168105822695
"793",133,1,1.60374462240876,1,0.334330201521753,0.826207136071074
"794",133,1.25,1.60374462240876,1,0.619527800028732,0.608262143082776
"795",134,0,2.3209775567201,1,-0.068082200971848,-0.245022966525728
"796",134,0.25,2.3209775567201,1,0.289076116803456,-0.781047257305331
"797",134,0.5,2.3209775567201,1,0.457604665266252,-0.443169478145778
"798",134,0.75,2.3209775567201,1,0.572010514402453,-0.298348765236489
"799",134,1,2.3209775567201,1,0.986906368004691,0.106614615612242
"800",134,1.25,2.3209775567201,1,0.961615438809346,-0.280866313331434
"801",134,1.75,2.3209775567201,1,1.7916839782232,0.728496185366884
"802",134,2,2.3209775567201,1,1.84693899472138,0.294995814880057
"803",135,0,0.756509067972051,1,0.711367999374271,1.26648265083667
"804",135,0.25,0.756509067972051,1,0.65718822183272,1.57419818096616
"805",135,0.5,0.756509067972051,1,0.495718928334539,1.63340069757446
"806",135,0.75,0.756509067972051,1,0.270348467721224,1.75085872352105
"807",136,0,2.49253964163507,1,-0.700463714417429,0.750173923900841
"808",136,0.5,2.49253964163507,1,-0.24846715248963,0.218867715238931
"809",136,0.75,2.49253964163507,1,-0.259598183181666,0.00646209892787825
"810",136,1,2.49253964163507,1,-0.203593513380372,0.419396391591166
"811",136,1.25,2.49253964163507,1,-0.496987765751629,0.552135825414538
"812",136,1.5,2.49253964163507,1,0.0882244024065256,0.117119588988898
"813",136,1.75,2.49253964163507,1,-0.598534300372416,0.433103970727595
"814",136,2,2.49253964163507,1,0.412093605432469,-0.0725462631023596
"815",137,0,1.96685980513487,1,1.0508461778521,0.475334737977803
"816",137,0.5,1.96685980513487,1,1.10084817504256,0.925446840078151
"817",137,0.75,1.96685980513487,1,1.8953359482773,0.619455878415946
"818",137,1,1.96685980513487,1,1.73043499708671,0.44632235865374
"819",137,1.25,1.96685980513487,1,2.04484332308716,0.555460557303854
"820",137,1.75,1.96685980513487,1,1.838475051939,0.615090142521947
"821",138,0,1.4708678248459,1,-0.131063070870767,0.800906909824949
"822",138,0.25,1.4708678248459,1,-0.164600216544832,0.897949245793604
"823",138,0.5,1.4708678248459,1,-0.0636196156547076,0.447055503631765
"824",138,0.75,1.4708678248459,1,-0.329042683072728,1.01874905868183
"825",138,1,1.4708678248459,1,-0.282013616238177,1.0160076714947
"826",138,1.25,1.4708678248459,1,0.0408697651096071,1.09536510263146
"827",139,0,1.06325065270816,1,0.057712665089562,1.50510880600103
"828",139,0.25,1.06325065270816,1,0.733065959624256,1.75336144602038
"829",139,0.5,1.06325065270816,1,0.81094994760854,1.73434366194432
"830",140,0,3.83066001621245,1,-0.25539707549704,-1.41533338536465
"831",140,0.25,3.83066001621245,1,-0.740609579609407,-0.626446755878289
"832",140,0.75,3.83066001621245,1,-0.512276127990212,-0.75752184188984
"833",140,1,3.83066001621245,1,0.339314146675255,-1.16503634685892
"834",140,1.25,3.83066001621245,1,-0.467037533771252,-0.607308787714697
"835",140,1.5,3.83066001621245,1,-0.242244012219752,-0.377749157523504
"836",140,1.75,3.83066001621245,1,0.134362431270734,-0.603691468884002
"837",140,2,3.83066001621245,1,-0.70311832185423,-0.57118993556038
"838",141,0,1.58363586964649,1,-0.646246485655086,0.437274629735715
"839",141,0.25,1.58363586964649,1,-0.582120816757318,0.629654093663726
"840",141,0.5,1.58363586964649,1,-0.178383549686007,0.864354923852423
"841",141,1,1.58363586964649,1,-0.582575794440784,1.04675410272943
"842",141,1.5,1.58363586964649,1,-0.626404698312356,1.36140981859179
"843",142,0,1.00818609083632,1,1.41723099341574,0.956682234161634
"844",142,0.25,1.00818609083632,1,1.28967163106639,1.50728803235902
"845",142,0.75,1.00818609083632,1,1.6833047050377,1.48006676720438
"846",142,1,1.00818609083632,1,1.85423290846413,1.85302227972778
"847",143,0,4.65460928340689,1,-0.275603411202441,0.0995660766911035
"848",143,0.25,4.65460928340689,1,0.20919748199726,0.282568130169227
"849",143,1,4.65460928340689,1,-0.265244432316405,-0.0116699728870701
"850",143,1.5,4.65460928340689,1,0.0486728610526395,0.075030959045765
"851",143,1.75,4.65460928340689,1,-0.439602728202177,-0.635120584757927
"852",143,2,4.65460928340689,1,0.356647518364013,-0.400152139666391
"853",144,0,0.627003012083587,1,1.14522829485571,0.911058618295586
"854",144,0.25,0.627003012083587,1,1.10487682009729,0.949446722111452
"855",145,0,0.646117908058618,1,2.06834612798956,1.19789265743766
"856",145,0.25,0.646117908058618,1,2.21409078453387,0.961128816291037
"857",145,0.5,0.646117908058618,1,2.63459010053946,0.823581449310907
"858",146,0,1.21226770972586,1,1.69640537287424,1.15690015725999
"859",146,0.5,1.21226770972586,1,2.00005786864299,1.3956181817745
"860",146,1,1.21226770972586,1,2.1795303635922,1.53108877667229
"861",147,0,0.814021050071716,1,2.44587592475604,-0.170380792480781
"862",147,0.25,0.814021050071716,1,2.13128400501608,0.852241280277759
"863",147,0.5,0.814021050071716,1,2.00593931112648,0.840814500398425
"864",147,0.75,0.814021050071716,1,2.67548165507062,1.08645223549147
"865",148,0,3.40363627168764,1,0.203931395169523,-1.05989107117436
"866",148,0.25,3.40363627168764,1,0.844716516897358,-0.735847429292723
"867",148,0.5,3.40363627168764,1,0.518781319902035,-0.918775185222129
"868",148,0.75,3.40363627168764,1,0.800499189397067,-0.625700977710562
"869",148,1,3.40363627168764,1,1.30022447938812,-1.1773129086708
"870",148,1.25,3.40363627168764,1,1.46869621413944,-0.869952805427622
"871",148,1.5,3.40363627168764,1,1.1470769585858,-0.307257100788722
"872",148,1.75,3.40363627168764,1,1.4827462266103,-1.32499656555516
"873",148,2,3.40363627168764,1,1.11510289563477,-0.56319801353147
"874",149,0,6.27539584806655,0,-0.816872830745268,0.325712194657952
"875",149,0.25,6.27539584806655,0,-0.807327092994734,0.043495231135745
"876",149,0.5,6.27539584806655,0,-0.811340118851202,-0.0884704062610761
"877",149,1,6.27539584806655,0,-1.39987611966684,0.209896695733198
"878",149,1.25,6.27539584806655,0,-0.859847416087501,0.238077149579159
"879",149,1.5,6.27539584806655,0,-1.24396588137249,0.0220483992305171
"880",149,1.75,6.27539584806655,0,-1.90629410493932,-0.210994873473127
"881",149,2,6.27539584806655,0,-1.09203655659665,0.0456182257341531
"882",150,0,3.17397141376997,1,1.36443414365005,0.352248143374607
"883",150,0.5,3.17397141376997,1,0.58858862839781,0.535312666048536
"884",150,0.75,3.17397141376997,1,0.951833067324676,0.133629046547094
"885",150,1,3.17397141376997,1,0.750773723893408,-0.156971208973236
"886",150,1.25,3.17397141376997,1,0.564963444687897,0.286090613840032
"887",150,1.5,3.17397141376997,1,0.915405892491426,0.464378734357667
"888",150,1.75,3.17397141376997,1,1.08513890391199,0.592583084644356
"889",150,2,3.17397141376997,1,0.630998885536402,0.0871358339170802
"890",151,0,1.09923266439533,1,0.29722245254661,0.317060611567173
"891",151,0.25,1.09923266439533,1,0.276304586287398,0.835392148421854
"892",151,0.75,1.09923266439533,1,0.418930862183528,0.0940401866980217
"893",151,1,1.09923266439533,1,0.459407397685642,-0.0795866320665355
"894",152,0,6.25645197685808,0,-0.594959683935372,-1.55833638397054
"895",152,0.25,6.25645197685808,0,-0.482181815121778,-2.08294907748614
"896",152,0.5,6.25645197685808,0,-1.15788907441575,-2.60371746102191
"897",152,0.75,6.25645197685808,0,-1.02648263805078,-2.19946120005407
"898",152,1,6.25645197685808,0,-0.624286957901745,-2.62049830856109
"899",152,1.25,6.25645197685808,0,-1.60525207150777,-2.26972948805564
"900",152,1.75,6.25645197685808,0,-1.74528030394908,-3.35925588209115
"901",152,2,6.25645197685808,0,-1.89549269162172,-3.22268072222949
"902",153,0,6.32907649576664,0,-1.25050137464154,0.770351062160741
"903",153,0.25,6.32907649576664,0,-1.14071995520823,0.544631277606582
"904",153,0.5,6.32907649576664,0,-1.15687703735106,0.336277418468198
"905",153,0.75,6.32907649576664,0,-1.38691879525175,-0.457894582807557
"906",153,1,6.32907649576664,0,-2.29560544456489,-0.0273625248676413
"907",153,1.25,6.32907649576664,0,-1.67702722205543,-0.0385958917879821
"908",153,1.5,6.32907649576664,0,-1.91517346084779,0.587503282537634
"909",153,1.75,6.32907649576664,0,-1.44997103884651,-0.193369495189699
"910",153,2,6.32907649576664,0,-1.28083339811596,0.113193255443068
"911",154,0,1.59175438688176,1,1.37973170305807,1.61412740061375
"912",154,0.25,1.59175438688176,1,1.55627619548323,1.45519758027071
"913",154,0.5,1.59175438688176,1,1.61145515731419,0.979267957630778
"914",154,0.75,1.59175438688176,1,1.50216073066595,1.54312770789136
"915",154,1,1.59175438688176,1,2.08001257047499,1.09680726054221
"916",154,1.25,1.59175438688176,1,2.06393212487067,1.45618406397204
"917",154,1.5,1.59175438688176,1,2.0204348362711,1.19689804366472
"918",155,0,1.76081395408891,1,0.653574435494538,0.481528403351591
"919",155,0.25,1.76081395408891,1,1.09954578333964,0.729419307059606
"920",155,0.5,1.76081395408891,1,0.966402208666671,0.0271678520716202
"921",155,0.75,1.76081395408891,1,1.27567604902493,0.171644205611261
"922",155,1.25,1.76081395408891,1,1.56620270267693,-0.226659006483057
"923",155,1.5,1.76081395408891,1,1.20719288733938,-0.71463035462372
"924",156,0,2.18336703422528,1,0.216671224445684,0.480392010450214
"925",156,0.25,2.18336703422528,1,0.163739212586654,0.624481058377503
"926",156,0.5,2.18336703422528,1,0.273912835462667,0.775896750881525
"927",156,0.75,2.18336703422528,1,-0.0491093853189476,0.962751904638265
"928",156,1,2.18336703422528,1,0.0141998260750421,0.846986089658449
"929",156,1.5,2.18336703422528,1,0.0678132648184092,2.17416578709917
"930",156,1.75,2.18336703422528,1,-0.223714369356388,1.07277256041184
"931",156,2,2.18336703422528,1,-0.0676605613467323,1.2234608449352
"932",157,0,0.960933965805476,1,1.04706320033651,0.819533323297598
"933",157,0.25,0.960933965805476,1,1.18783999820376,1.32738117614257
"934",157,0.5,0.960933965805476,1,0.599870338273815,1.75848933630405
"935",157,0.75,0.960933965805476,1,1.30471018116398,2.21323744056595
"936",158,0,4.10138289070036,1,-0.427601823912511,0.790196371191288
"937",158,0.5,4.10138289070036,1,-0.544489329966652,0.0353375385784422
"938",158,0.75,4.10138289070036,1,-0.0447687653928237,0.157768524645972
"939",158,1.25,4.10138289070036,1,-0.343298615493008,-0.258028752245645
"940",158,1.5,4.10138289070036,1,-0.459917172581945,-0.455957894305818
"941",158,1.75,4.10138289070036,1,-0.560925342813413,-0.421125363342997
"942",159,0,1.18840360521551,1,-0.224040684909057,1.51594766587422
"943",159,0.25,1.18840360521551,1,-0.5885071846972,1.73499192479983
"944",159,0.75,1.18840360521551,1,-0.649084581266276,1.79865560903362
"945",159,1,1.18840360521551,1,0.0694701698116405,2.20851416137478
"946",160,0,3.84975077496532,1,0.835181891766514,-0.660471075724072
"947",160,0.5,3.84975077496532,1,0.675906918293885,-0.0730750758264915
"948",160,0.75,3.84975077496532,1,1.24404603393427,0.188081276453276
"949",160,1.25,3.84975077496532,1,1.09815211790778,0.459883522576493
"950",160,1.5,3.84975077496532,1,0.430533303971656,0.390046379246518
"951",160,2,3.84975077496532,1,0.600580355250144,0.950982708055546
"952",161,0,1.84394559349567,1,-0.159443236492878,1.48876136527284
"953",161,0.75,1.84394559349567,1,-0.346459960494014,1.67072422560494
"954",161,1,1.84394559349567,1,-0.387793441006263,1.08727616169313
"955",161,1.25,1.84394559349567,1,0.0430557960907054,1.67441165557917
"956",161,1.5,1.84394559349567,1,-0.125314801838182,0.856798868071485
"957",161,1.75,1.84394559349567,1,-0.258943932962077,1.49519049384062
"958",162,0,0.96548211640541,1,1.74764248239896,1.56803461053422
"959",162,0.25,0.96548211640541,1,1.39330605931987,1.87659635473508
"960",162,0.5,0.96548211640541,1,2.36413070305638,1.94883141112179
"961",163,0,2.76383898137845,1,0.982917694517264,-0.0810875419402424
"962",163,0.5,2.76383898137845,1,0.910508237673598,-0.547049206219242
"963",163,0.75,2.76383898137845,1,1.16650937415243,-0.120944433399529
"964",163,1,2.76383898137845,1,1.05421404984724,0.250495888367583
"965",163,1.25,2.76383898137845,1,0.911258294123611,0.5971632550867
"966",163,1.5,2.76383898137845,1,0.551015203486956,0.210289662950027
"967",163,1.75,2.76383898137845,1,0.66490367172685,0.496810533368889
"968",163,2,2.76383898137845,1,0.633723906825095,-0.0109498849321344
"969",164,0,2.71216053285566,1,-1.12469394113495,-0.710158548848251
"970",164,0.25,2.71216053285566,1,-1.10864798301453,-0.619696936245852
"971",164,0.5,2.71216053285566,1,-1.29087339366007,-0.595158956265111
"972",164,0.75,2.71216053285566,1,-0.170579581338297,-0.882456506043863
"973",164,1,2.71216053285566,1,-0.30124400830741,-0.481435080869163
"974",164,1.25,2.71216053285566,1,-0.380940558881292,-0.321464732421887
"975",164,1.75,2.71216053285566,1,0.239020747249073,-0.233604402684283
"976",165,0,2.16651037022695,1,0.921597835671812,-0.193704613008741
"977",165,0.25,2.16651037022695,1,0.823647164122458,0.109976221876
"978",165,0.5,2.16651037022695,1,0.477986313493083,0.320861099412985
"979",165,1,2.16651037022695,1,0.847492474423935,0.042358192102645
"980",165,1.75,2.16651037022695,1,0.580556944170851,-0.0213765174337189
"981",165,2,2.16651037022695,1,0.941421115271813,-0.40788632573604
"982",166,0,3.0018975819631,1,0.796471992797444,-0.374439921999401
"983",166,0.25,3.0018975819631,1,0.203898930880165,-0.475702689179574
"984",166,0.5,3.0018975819631,1,0.662847144706105,-0.583618701331332
"985",166,0.75,3.0018975819631,1,0.786873469281191,-0.0757284544752457
"986",166,1.25,3.0018975819631,1,0.176925854178355,-0.0116695145364023
"987",166,1.75,3.0018975819631,1,-0.414861843311782,0.0831368969699358
"988",166,2,3.0018975819631,1,0.637415474464776,0.234165631635022
"989",167,0,5.55576751616979,1,-0.825294811486866,-0.0990019248572866
"990",167,0.5,5.55576751616979,1,-0.399413019837404,-0.190913135237096
"991",167,0.75,5.55576751616979,1,-0.65011484407853,0.276275575108995
"992",167,1,5.55576751616979,1,-0.603202094658203,-0.65508672415463
"993",167,1.25,5.55576751616979,1,-0.101129789982641,-0.166183918310149
"994",167,1.5,5.55576751616979,1,-0.679383866170248,-0.193117086124352
"995",167,1.75,5.55576751616979,1,-0.744570314831685,-0.170369745167547
"996",167,2,5.55576751616979,1,-1.21157227392938,-0.106598639413235
"997",168,0,5.35374282021318,1,-0.38096331782178,2.11200199683854
"998",168,0.25,5.35374282021318,1,0.278391460242253,1.59293600030146
"999",168,0.5,5.35374282021318,1,0.214819757298585,1.84310895843487
"1000",168,0.75,5.35374282021318,1,-0.266385207177173,1.53079343390746
"1001",168,1,5.35374282021318,1,-0.387927656186138,0.610227187143358
"1002",168,1.5,5.35374282021318,1,0.522844044788197,0.888293238132874
"1003",168,1.75,5.35374282021318,1,0.000564286191603425,0.940771446671913
"1004",169,0,6.67006280783098,0,-0.732630053646987,-1.14388204447006
"1005",169,0.25,6.67006280783098,0,-0.939711339235108,-1.14531743433032
"1006",169,0.5,6.67006280783098,0,-0.858841781346794,-1.31502607110932
"1007",169,1,6.67006280783098,0,-0.871066546788273,-2.11176442688647
"1008",170,0,6.88932085405104,0,-0.056276864675466,0.210702322467002
"1009",170,0.25,6.88932085405104,0,-0.206343647427728,-0.250280274714121
"1010",170,0.5,6.88932085405104,0,-0.280232177704082,-0.5336442336681
"1011",170,0.75,6.88932085405104,0,0.199829767631058,-0.317007948235587
"1012",170,1,6.88932085405104,0,-0.138895878619999,-0.538084128527804
"1013",170,1.25,6.88932085405104,0,0.0497851335287255,-0.130820958252106
"1014",170,1.5,6.88932085405104,0,-0.317492774279956,-0.744681354329002
"1015",170,1.75,6.88932085405104,0,0.0407851767895815,-0.692211594286075
"1016",170,2,6.88932085405104,0,-0.0343368767281291,-0.96011027933197
"1017",171,0,0.800611030787695,1,0.856230385881904,3.093710160174
"1018",171,0.5,0.800611030787695,1,0.594327190539471,2.47545971014685
"1019",171,0.75,0.800611030787695,1,0.981565998707276,2.66349332422946
"1020",172,0,1.9816808018842,1,0.641875103807878,0.380858808093037
"1021",172,0.5,1.9816808018842,1,0.957908840756098,0.616696071211603
"1022",172,1,1.9816808018842,1,0.885882389301205,0.749716382253142
"1023",172,1.25,1.9816808018842,1,1.06039473840605,-0.152125812199003
"1024",172,1.5,1.9816808018842,1,1.5552728597493,0.267622967281363
"1025",172,1.75,1.9816808018842,1,1.45857623368132,-0.0921338658643045
"1026",173,0,6.03576104512904,0,-0.419289229083839,0.200667061531158
"1027",173,0.25,6.03576104512904,0,-1.18007614718508,0.337297815947539
"1028",173,0.75,6.03576104512904,0,-1.06592012009805,-0.469089838744167
"1029",173,1,6.03576104512904,0,-1.90519622223537,0.280779326894016
"1030",173,1.75,6.03576104512904,0,-2.67961537862284,-0.0781077963823525
"1031",173,2,6.03576104512904,0,-2.65121462500761,-0.236345645569595
"1032",174,0,1.34593835528228,1,0.0692387725691378,0.0871076943070565
"1033",174,0.25,1.34593835528228,1,0.0494193294631545,0.089420679762127
"1034",174,0.5,1.34593835528228,1,-0.098443187879145,0.31658702085594
"1035",174,1,1.34593835528228,1,-0.246778511625045,-0.0407574719971148
"1036",174,1.25,1.34593835528228,1,-0.381844472989609,-0.29168667221266
"1037",175,0,1.81045133182788,1,0.513799911497197,0.778027351982332
"1038",175,0.25,1.81045133182788,1,0.0172292977535799,0.847496598716093
"1039",175,0.5,1.81045133182788,1,0.487629867109994,0.572923683088482
"1040",175,0.75,1.81045133182788,1,0.405366610108342,0.712860276139316
"1041",175,1,1.81045133182788,1,0.410322190490529,0.701229777335199
"1042",175,1.25,1.81045133182788,1,0.246777149324953,0.752354319279912
"1043",175,1.75,1.81045133182788,1,-0.061586100483654,0.844190474901381
"1044",176,0,3.96283916035309,1,0.0372256566054817,0.413932115367429
"1045",176,0.25,3.96283916035309,1,0.0342268251745026,0.0199272151796535
"1046",176,0.5,3.96283916035309,1,0.081761992774958,-0.03302196783514
"1047",176,1,3.96283916035309,1,0.955343431691839,-0.542777344692887
"1048",176,1.25,3.96283916035309,1,0.875663306324744,-0.379258627339216
"1049",176,1.5,3.96283916035309,1,0.527886466526386,-0.290320334623737
"1050",176,1.75,3.96283916035309,1,0.5907219047757,-1.0444281538907
"1051",176,2,3.96283916035309,1,0.548697980995526,-0.913088833333607
"1052",177,0,1.22749242066734,1,1.15142582353651,1.92727786450543
"1053",177,0.25,1.22749242066734,1,1.1077049774003,1.64972026247285
"1054",177,1,1.22749242066734,1,2.25197265971298,1.83479792662822
"1055",178,0,1.84489817984956,1,-0.505104532846984,0.805208888759023
"1056",178,0.25,1.84489817984956,1,-0.692476780742263,0.501780187171289
"1057",178,0.5,1.84489817984956,1,-0.648903231027531,0.261656315793356
"1058",178,0.75,1.84489817984956,1,-0.393624543934962,0.66780157193679
"1059",178,1,1.84489817984956,1,-0.46257704430837,1.3873495770003
"1060",178,1.25,1.84489817984956,1,-0.503339184133748,0.281915091402462
"1061",178,1.75,1.84489817984956,1,-0.598565228696078,1.71468742256068
"1062",179,0,1.66143572020351,1,0.281900049339574,-0.127110707298857
"1063",179,0.25,1.66143572020351,1,0.680241160166478,-0.448127356771057
"1064",179,0.5,1.66143572020351,1,0.909859004979589,-0.0561214782415149
"1065",179,1.25,1.66143572020351,1,0.938831991132031,0.259621013167589
"1066",180,0,0.466078727407544,1,3.45949251449043,2.49729174333141
"1067",180,0.25,0.466078727407544,1,3.4108315401533,2.44943781058226
"1068",181,0,1.55521294469582,1,1.63612937706891,0.461196425993943
"1069",181,0.25,1.55521294469582,1,1.24779910638465,0.68169509786706
"1070",181,0.5,1.55521294469582,1,1.7660263318857,0.54886848241796
"1071",181,0.75,1.55521294469582,1,1.44859931769928,0.435230004977985
"1072",181,1,1.55521294469582,1,1.61255298127869,0.536665773236679
"1073",181,1.25,1.55521294469582,1,1.46833195549093,0.918283420221893
"1074",181,1.5,1.55521294469582,1,1.71448627016454,0.775314117219977
"1075",182,0,1.08247257197653,1,1.31330761000754,1.48102143490696
"1076",182,0.5,1.08247257197653,1,1.39587535513558,1.80879058672152
"1077",183,0,1.87193289301682,1,0.310421010248158,-1.30660730010562
"1078",183,0.25,1.87193289301682,1,-0.123533103851837,-0.732538878662115
"1079",183,0.5,1.87193289301682,1,0.53605091700958,-0.784411179145837
"1080",183,0.75,1.87193289301682,1,0.0540924140350015,-0.390372285291438
"1081",183,1,1.87193289301682,1,0.32516567907646,-0.43142738558819
"1082",183,1.25,1.87193289301682,1,-0.0917126389096083,-0.214071514994717
"1083",183,1.75,1.87193289301682,1,0.503295704588115,-0.637068206073122
"1084",184,0,2.44364149795054,1,1.8176629352105,-0.0872612569816399
"1085",184,0.5,2.44364149795054,1,2.01772661893724,0.339002205492698
"1086",184,0.75,2.44364149795054,1,2.34891037123457,-0.237686363137311
"1087",184,1,2.44364149795054,1,1.42047350576794,-0.285979556422688
"1088",184,1.25,2.44364149795054,1,2.36640934630897,-0.148738936520275
"1089",184,1.75,2.44364149795054,1,2.30030329016129,-0.0193176977314787
"1090",184,2,2.44364149795054,1,1.90442204551199,-0.371529741792463
"1091",185,0,2.81891553283846,1,-0.770913327525427,0.0752117572076063
"1092",185,0.25,2.81891553283846,1,-0.862472211938347,0.148325064589674
"1093",185,0.5,2.81891553283846,1,-0.852507820857632,0.486871861924555
"1094",185,0.75,2.81891553283846,1,-0.554700869340059,0.458308815553797
"1095",185,1,2.81891553283846,1,-0.528657666156541,1.03545442698499
"1096",185,1.25,2.81891553283846,1,-0.552914384346293,0.992270166582414
"1097",185,1.5,2.81891553283846,1,-0.833283219867588,0.422073288979117
"1098",185,1.75,2.81891553283846,1,-0.819368303961609,0.861872512579311
"1099",185,2,2.81891553283846,1,-0.0768835794416999,0.634290193114848
"1100",186,0,2.42066541769719,1,0.0516944344891611,1.11337391544285
"1101",186,0.5,2.42066541769719,1,-0.052177291915361,1.07868813344993
"1102",186,0.75,2.42066541769719,1,0.63986456662128,1.28748964623743
"1103",186,1,2.42066541769719,1,0.809366192870305,1.14947267410181
"1104",186,1.25,2.42066541769719,1,0.560874910793862,1.02074395680278
"1105",186,2,2.42066541769719,1,0.102101065201832,1.32520500011559
"1106",187,0,6.15031034257263,0,-0.414317423670015,-0.429077744304777
"1107",187,0.25,6.15031034257263,0,-0.640372443721715,-1.11464526661561
"1108",187,0.5,6.15031034257263,0,-0.525024901968651,-0.863358603257838
"1109",187,0.75,6.15031034257263,0,-0.732325421179807,-1.1290000902573
"1110",187,1,6.15031034257263,0,-0.900895078529944,-1.09200846122655
"1111",187,1.25,6.15031034257263,0,-0.553330215288519,-1.39690817168604
"1112",187,1.5,6.15031034257263,0,-0.899397261836473,-1.22310639366595
"1113",187,1.75,6.15031034257263,0,-1.27388615642018,-1.93319452047823
"1114",187,2,6.15031034257263,0,-0.933693436354013,-1.58204898302719
"1115",188,0,1.62919697998774,1,2.30611743681844,1.464283389205
"1116",188,0.75,1.62919697998774,1,1.70287265885101,1.26894840280036
"1117",188,1.5,1.62919697998774,1,2.44789510045041,1.56917174409959
"1118",189,0,1.22033220359865,1,-1.44747856341483,0.0503601497829687
"1119",189,0.25,1.22033220359865,1,-1.49987791337155,-0.0508783379220594
"1120",189,0.5,1.22033220359865,1,-1.35876920472969,-0.406152345928853
"1121",189,0.75,1.22033220359865,1,-1.55869177633342,-0.584529577216118
"1122",189,1,1.22033220359865,1,-1.75996257506746,-0.579542376973505
"1123",190,0,6.63793080199976,0,-0.973895790108296,-0.24149848098861
"1124",190,0.25,6.63793080199976,0,-1.09187805449686,-0.258241963693249
"1125",190,0.5,6.63793080199976,0,-0.966163263314391,0.235021575750583
"1126",190,0.75,6.63793080199976,0,-0.911165320439867,-0.119699638204323
"1127",190,1,6.63793080199976,0,-0.593705307274882,-0.22374810959969
"1128",190,1.25,6.63793080199976,0,-1.26925956254047,-0.434959731580565
"1129",190,1.75,6.63793080199976,0,-1.28328306316254,-0.690248733344509
"1130",190,2,6.63793080199976,0,-1.02371380138687,-0.620067098303864
"1131",191,0,3.32173634670731,1,-1.47578371063277,1.05413895953765
"1132",191,0.25,3.32173634670731,1,-1.52000856784638,0.736327131427143
"1133",191,0.5,3.32173634670731,1,-1.61520133176285,0.911554876397313
"1134",191,1,3.32173634670731,1,-0.880284563665032,0.775770666422374
"1135",191,1.25,3.32173634670731,1,-1.18572773884522,0.682932424111635
"1136",191,1.5,3.32173634670731,1,-1.57590301469162,0.5911214359962
"1137",191,1.75,3.32173634670731,1,-0.866469900288153,0.411437288710788
"1138",191,2,3.32173634670731,1,-1.02025323434224,0.982414732295073
"1139",192,0,6.88061899563763,0,-0.705637482463044,0.394534486851112
"1140",192,0.25,6.88061899563763,0,-0.790223875737853,0.241578018114929
"1141",192,0.75,6.88061899563763,0,-0.46665965855226,-0.197341644167524
"1142",192,1,6.88061899563763,0,-1.13464472951537,-0.275590041226265
"1143",192,1.25,6.88061899563763,0,-0.798812218239842,-1.18005280210088
"1144",192,1.5,6.88061899563763,0,-0.650244704176315,-0.737650341155746
"1145",192,1.75,6.88061899563763,0,-1.43037537633332,-0.735273877866012
"1146",192,2,6.88061899563763,0,-1.45123544100199,-1.10116731097327
"1147",193,0,0.946240210565855,1,1.38747302664776,0.579518176862022
"1148",193,0.25,0.946240210565855,1,1.5826344074611,0.324674595772952
"1149",193,0.5,0.946240210565855,1,2.32290899337631,0.554776631486187
"1150",193,0.75,0.946240210565855,1,1.7911455934955,1.01957947546352
"1151",194,0,1.91977102700991,1,-0.98733158301297,-0.456140878110879
"1152",194,0.25,1.91977102700991,1,-0.846745327963791,-0.025491886155066
"1153",194,0.5,1.91977102700991,1,-0.257475132311704,0.341829742099144
"1154",194,1,1.91977102700991,1,-0.655983479190024,-0.482789401255432
"1155",194,1.25,1.91977102700991,1,-1.25758974235708,0.401706672102054
"1156",194,1.5,1.91977102700991,1,-0.955410761533446,0.102120862156421
"1157",194,1.75,1.91977102700991,1,-1.0410598362468,0.0725208229487304
"1158",195,0,0.631296781942202,1,0.890827219111599,2.09656870300861
"1159",195,0.25,0.631296781942202,1,0.82604166893358,2.45227833755547
"1160",195,0.5,0.631296781942202,1,0.674565322510366,2.63820663418829
"1161",196,0,2.18073627804942,1,-0.802907703197645,0.1200267808283
"1162",196,0.25,2.18073627804942,1,-0.659153795276201,-0.17642646492375
"1163",196,0.5,2.18073627804942,1,-0.0263775109710558,-0.118300435356583
"1164",196,1,2.18073627804942,1,-0.598122995892426,-0.148086130098714
"1165",196,1.5,2.18073627804942,1,0.143205471248429,0.465576148826033
"1166",196,1.75,2.18073627804942,1,-0.732826396848886,0.453554364626951
"1167",196,2,2.18073627804942,1,-0.44988137550336,0.760895376138581
"1168",197,0,6.09858473194763,0,-1.03269990539859,0.037482598733502
"1169",197,1,6.09858473194763,0,-0.859641317721039,-0.615675699206597
"1170",197,1.25,6.09858473194763,0,-1.31610886917649,-0.239401870577846
"1171",197,1.5,6.09858473194763,0,-0.939438916876867,-0.733894106017046
"1172",197,1.75,6.09858473194763,0,-1.19068063034476,-0.922601428604144
"1173",197,2,6.09858473194763,0,-0.950263474631854,-0.878387054316308
"1174",198,0,1.19827817614451,1,2.21510943390086,0.886449592726049
"1175",198,0.5,1.19827817614451,1,2.33014391287289,1.92198596809014
"1176",198,0.75,1.19827817614451,1,2.12607103825739,1.02649172955081
"1177",198,1,1.19827817614451,1,2.49919482748038,1.11149276993139
"1178",199,0,0.542861606042693,1,2.07659723434415,0.97784036489343
"1179",199,0.25,0.542861606042693,1,1.93143008673082,2.01472322046258
"1180",199,0.5,0.542861606042693,1,2.23644627561189,2.24641449412648
"1181",200,0,1.76874730587609,1,0.642013950612458,1.08093097192573
"1182",200,0.5,1.76874730587609,1,1.04989928411289,1.30323975657406
"1183",200,0.75,1.76874730587609,1,0.72063786432583,1.03971301369399
"1184",200,1,1.76874730587609,1,1.30516776327289,1.47415602696274
"1185",200,1.25,1.76874730587609,1,1.38277115177381,1.32984057450767
"1186",200,1.5,1.76874730587609,1,0.821343183825745,1.52618344920078
"1187",200,1.75,1.76874730587609,1,1.20118326648829,1.47710890954686
